6.474041 	 0.000000 
6.350036 	 1.000000 
6.187915 	 0.000000 
6.226741 	 0.000000 
6.226342 	 0.000000 
6.611840 	 0.000000 
6.412341 	 0.000000 
6.643686 	 0.000000 
6.765130 	 0.000000 
6.488961 	 0.000000 
6.430047 	 0.000000 
6.806980 	 0.000000 
7.022402 	 1.000000 
7.012649 	 0.000000 
6.924620 	 0.000000 
6.685691 	 0.000000 
6.358449 	 0.000000 
6.871624 	 1.000000 
7.001835 	 0.000000 
7.165554 	 0.000000 
6.900558 	 0.000000 
6.977424 	 0.000000 
7.082586 	 0.000000 
7.119348 	 0.000000 
7.002613 	 0.000000 
6.959584 	 1.000000 
6.705711 	 0.000000 
6.536102 	 1.000000 
6.517558 	 0.000000 
6.412093 	 0.000000 
6.354187 	 0.000000 
6.075073 	 0.000000 
5.711422 	 0.000000 
5.567591 	 0.000000 
5.668344 	 0.000000 
5.746098 	 0.000000 
5.508061 	 0.000000 
5.731795 	 0.000000 
5.807998 	 0.000000 
5.931805 	 1.000000 
5.837572 	 0.000000 
6.077247 	 1.000000 
6.323308 	 0.000000 
6.243785 	 0.000000 
5.965493 	 0.000000 
5.701919 	 0.000000 
5.589234 	 0.000000 
5.821488 	 0.000000 
5.822349 	 0.000000 
5.986362 	 0.000000 
6.124959 	 0.000000 
5.869704 	 0.000000 
6.014516 	 0.000000 
6.191486 	 0.000000 
6.224238 	 0.000000 
5.900915 	 0.000000 
5.952888 	 0.000000 
5.887573 	 0.000000 
5.597874 	 0.000000 
5.342659 	 0.000000 
5.326209 	 0.000000 
5.333030 	 0.000000 
5.525948 	 0.000000 
5.471389 	 0.000000 
6.071303 	 1.000000 
5.854700 	 0.000000 
6.173111 	 0.000000 
6.136263 	 0.000000 
6.255416 	 0.000000 
6.488069 	 0.000000 
6.519637 	 0.000000 
6.425746 	 0.000000 
6.820046 	 0.000000 
6.886831 	 0.000000 
6.710160 	 0.000000 
6.715281 	 0.000000 
6.881418 	 0.000000 
7.018989 	 0.000000 
6.979859 	 0.000000 
6.614574 	 0.000000 
6.833111 	 0.000000 
6.835264 	 1.000000 
6.844317 	 0.000000 
7.000414 	 0.000000 
6.756048 	 0.000000 
6.787315 	 0.000000 
6.896073 	 0.000000 
7.062937 	 0.000000 
6.845430 	 0.000000 
6.777441 	 0.000000 
6.689856 	 1.000000 
6.413179 	 0.000000 
6.510882 	 1.000000 
6.292239 	 0.000000 
6.417096 	 0.000000 
6.098486 	 0.000000 
6.005061 	 0.000000 
5.704565 	 0.000000 
5.821974 	 0.000000 
5.775441 	 0.000000 
5.890994 	 0.000000 
5.743431 	 0.000000 
5.620060 	 0.000000 
5.786105 	 0.000000 
6.023031 	 0.000000 
6.288859 	 0.000000 
6.455892 	 0.000000 
6.226135 	 0.000000 
5.969318 	 0.000000 
5.849180 	 0.000000 
5.872764 	 0.000000 
5.830660 	 0.000000 
5.914539 	 0.000000 
5.957238 	 0.000000 
6.150562 	 0.000000 
6.225063 	 0.000000 
5.864658 	 0.000000 
6.001310 	 0.000000 
6.060780 	 0.000000 
6.073499 	 0.000000 
5.853770 	 2.000000 
5.562967 	 0.000000 
5.597493 	 0.000000 
5.649688 	 1.000000 
5.624566 	 0.000000 
5.158236 	 1.000000 
5.159046 	 0.000000 
5.472854 	 0.000000 
6.196396 	 0.000000 
6.029900 	 0.000000 
5.942436 	 0.000000 
6.241889 	 1.000000 
6.257950 	 0.000000 
6.319485 	 1.000000 
6.717016 	 0.000000 
6.555315 	 0.000000 
6.758671 	 0.000000 
6.889888 	 2.000000 
6.938120 	 0.000000 
6.965360 	 2.000000 
6.992930 	 0.000000 
7.032391 	 0.000000 
6.968334 	 0.000000 
6.951510 	 0.000000 
6.880417 	 1.000000 
6.698778 	 0.000000 
6.752090 	 0.000000 
6.717733 	 0.000000 
6.761407 	 0.000000 
6.708600 	 0.000000 
6.659082 	 0.000000 
6.784166 	 0.000000 
6.661434 	 0.000000 
6.417931 	 0.000000 
6.266899 	 0.000000 
6.432326 	 1.000000 
6.532438 	 0.000000 
6.582462 	 0.000000 
6.368402 	 0.000000 
6.220877 	 0.000000 
5.914703 	 0.000000 
5.824972 	 0.000000 
6.008178 	 0.000000 
5.967299 	 0.000000 
5.922928 	 0.000000 
5.886410 	 0.000000 
5.821952 	 0.000000 
5.930202 	 0.000000 
5.871408 	 0.000000 
6.291488 	 0.000000 
6.104887 	 0.000000 
5.998421 	 0.000000 
5.975245 	 0.000000 
5.922595 	 1.000000 
6.103590 	 0.000000 
6.066822 	 0.000000 
6.088940 	 0.000000 
6.119771 	 0.000000 
6.137329 	 0.000000 
6.272995 	 0.000000 
6.251684 	 0.000000 
6.030792 	 0.000000 
5.822388 	 0.000000 
5.847312 	 0.000000 
5.760191 	 0.000000 
5.769224 	 0.000000 
5.814214 	 0.000000 
5.853672 	 1.000000 
5.790409 	 0.000000 
5.591469 	 0.000000 
5.376133 	 0.000000 
5.626704 	 0.000000 
6.037229 	 0.000000 
6.023370 	 0.000000 
6.319141 	 0.000000 
6.247660 	 0.000000 
6.576907 	 0.000000 
6.603085 	 0.000000 
6.534762 	 1.000000 
6.629980 	 1.000000 
6.799613 	 1.000000 
6.972609 	 1.000000 
6.877339 	 1.000000 
7.001608 	 1.000000 
6.922219 	 1.000000 
6.943634 	 0.000000 
6.937995 	 0.000000 
6.714522 	 0.000000 
6.641126 	 0.000000 
6.694731 	 0.000000 
6.670404 	 0.000000 
6.549122 	 1.000000 
6.576040 	 0.000000 
6.667963 	 0.000000 
6.375194 	 0.000000 
6.281621 	 0.000000 
6.274788 	 0.000000 
6.155673 	 0.000000 
5.919206 	 1.000000 
6.241279 	 0.000000 
6.333151 	 0.000000 
6.348225 	 0.000000 
6.243187 	 0.000000 
6.241460 	 0.000000 
6.141640 	 0.000000 
6.057826 	 0.000000 
6.138993 	 0.000000 
6.067078 	 0.000000 
5.943043 	 0.000000 
5.887552 	 0.000000 
5.756453 	 0.000000 
6.072617 	 0.000000 
6.114483 	 0.000000 
6.135691 	 0.000000 
6.157856 	 0.000000 
6.048076 	 0.000000 
6.212288 	 0.000000 
5.920682 	 0.000000 
5.899178 	 0.000000 
6.140825 	 0.000000 
6.184758 	 0.000000 
6.347349 	 0.000000 
6.294654 	 0.000000 
6.137286 	 0.000000 
6.442489 	 0.000000 
6.186444 	 0.000000 
6.170266 	 0.000000 
5.863941 	 0.000000 
5.943049 	 0.000000 
5.916018 	 0.000000 
5.759294 	 0.000000 
5.740510 	 0.000000 
5.718098 	 0.000000 
5.640603 	 0.000000 
5.576131 	 0.000000 
5.728463 	 0.000000 
6.121621 	 0.000000 
6.328456 	 0.000000 
6.319038 	 0.000000 
6.167826 	 0.000000 
6.358903 	 0.000000 
6.713190 	 0.000000 
6.534785 	 0.000000 
6.807551 	 2.000000 
6.697684 	 0.000000 
6.784845 	 2.000000 
6.983354 	 0.000000 
6.832341 	 0.000000 
6.738484 	 0.000000 
6.598728 	 1.000000 
6.791455 	 0.000000 
6.725680 	 0.000000 
6.597936 	 0.000000 
6.416787 	 0.000000 
6.434806 	 0.000000 
6.460736 	 0.000000 
6.521969 	 1.000000 
6.379440 	 0.000000 
6.336793 	 0.000000 
6.357334 	 0.000000 
6.212782 	 0.000000 
6.362493 	 0.000000 
6.101528 	 1.000000 
6.206925 	 0.000000 
6.377394 	 0.000000 
6.271042 	 0.000000 
6.267818 	 0.000000 
6.417322 	 0.000000 
6.178306 	 0.000000 
6.177365 	 0.000000 
6.288524 	 0.000000 
6.017120 	 0.000000 
6.083406 	 0.000000 
5.988166 	 0.000000 
5.811696 	 0.000000 
6.173409 	 0.000000 
6.316723 	 1.000000 
6.355066 	 0.000000 
6.378093 	 0.000000 
6.260013 	 0.000000 
6.189386 	 0.000000 
6.152911 	 0.000000 
5.984516 	 0.000000 
6.334251 	 0.000000 
6.268996 	 0.000000 
6.394903 	 0.000000 
6.391847 	 0.000000 
6.236469 	 0.000000 
6.314487 	 0.000000 
6.300397 	 2.000000 
6.357172 	 1.000000 
5.935245 	 0.000000 
5.781299 	 1.000000 
6.039915 	 0.000000 
5.878081 	 0.000000 
5.825444 	 0.000000 
5.681845 	 0.000000 
5.483765 	 0.000000 
5.703414 	 0.000000 
5.673326 	 0.000000 
6.007329 	 1.000000 
6.306295 	 0.000000 
6.335622 	 1.000000 
6.269222 	 0.000000 
6.414953 	 0.000000 
6.706173 	 0.000000 
6.743748 	 0.000000 
6.725031 	 0.000000 
6.688076 	 0.000000 
6.949735 	 0.000000 
6.969135 	 0.000000 
6.927373 	 0.000000 
6.770317 	 0.000000 
6.726594 	 0.000000 
6.767496 	 0.000000 
6.600587 	 0.000000 
6.578026 	 0.000000 
6.710614 	 0.000000 
6.496082 	 0.000000 
6.259737 	 0.000000 
6.462444 	 0.000000 
6.554001 	 1.000000 
6.582658 	 1.000000 
6.475197 	 0.000000 
6.467149 	 0.000000 
6.507204 	 0.000000 
6.515018 	 0.000000 
6.234106 	 0.000000 
6.221351 	 0.000000 
6.295344 	 0.000000 
6.203320 	 0.000000 
6.295742 	 0.000000 
6.321045 	 0.000000 
6.271022 	 1.000000 
6.104334 	 0.000000 
5.884070 	 0.000000 
5.813852 	 0.000000 
6.148022 	 0.000000 
6.112998 	 0.000000 
6.436959 	 0.000000 
6.299180 	 1.000000 
6.465820 	 0.000000 
6.538133 	 0.000000 
6.428704 	 0.000000 
6.355639 	 0.000000 
6.064638 	 0.000000 
6.155287 	 1.000000 
6.293090 	 0.000000 
6.629496 	 0.000000 
6.707114 	 0.000000 
6.662394 	 0.000000 
6.721241 	 1.000000 
6.196848 	 0.000000 
6.316757 	 0.000000 
5.861456 	 0.000000 
5.777323 	 1.000000 
5.638177 	 0.000000 
5.706910 	 0.000000 
5.665383 	 0.000000 
5.841165 	 0.000000 
5.812463 	 1.000000 
5.755343 	 0.000000 
5.715767 	 0.000000 
5.637684 	 0.000000 
5.974959 	 1.000000 
6.034498 	 0.000000 
6.193657 	 0.000000 
6.207867 	 0.000000 
6.446178 	 0.000000 
6.428829 	 0.000000 
6.643426 	 0.000000 
6.972049 	 0.000000 
6.897206 	 0.000000 
7.057728 	 1.000000 
6.818381 	 0.000000 
6.858221 	 0.000000 
6.864488 	 2.000000 
6.896231 	 0.000000 
6.854649 	 1.000000 
6.644827 	 0.000000 
6.530628 	 1.000000 
6.646699 	 0.000000 
6.833492 	 0.000000 
6.644564 	 0.000000 
6.531300 	 0.000000 
6.487238 	 0.000000 
6.679769 	 0.000000 
6.601828 	 0.000000 
6.611454 	 0.000000 
6.630637 	 0.000000 
6.528295 	 0.000000 
6.370269 	 0.000000 
6.211206 	 0.000000 
6.202608 	 1.000000 
6.167006 	 1.000000 
6.583365 	 0.000000 
6.478606 	 0.000000 
6.435334 	 0.000000 
5.923065 	 0.000000 
5.931574 	 0.000000 
5.915105 	 1.000000 
6.110484 	 0.000000 
6.398079 	 1.000000 
6.683826 	 0.000000 
6.523290 	 1.000000 
6.388267 	 0.000000 
6.392157 	 0.000000 
6.390344 	 0.000000 
5.897874 	 0.000000 
6.047815 	 0.000000 
6.190534 	 0.000000 
6.341185 	 0.000000 
6.731021 	 1.000000 
6.720560 	 1.000000 
6.880752 	 0.000000 
6.780507 	 1.000000 
6.396258 	 0.000000 
6.532204 	 1.000000 
6.013134 	 0.000000 
5.674093 	 0.000000 
5.636939 	 0.000000 
5.681050 	 0.000000 
5.729866 	 1.000000 
5.700555 	 0.000000 
5.797929 	 0.000000 
5.790082 	 1.000000 
5.739016 	 0.000000 
5.783495 	 0.000000 
5.767389 	 0.000000 
6.090424 	 0.000000 
6.134706 	 0.000000 
6.325080 	 0.000000 
6.553265 	 0.000000 
6.490559 	 0.000000 
6.623485 	 0.000000 
6.581587 	 0.000000 
6.733505 	 0.000000 
6.910436 	 1.000000 
6.920769 	 1.000000 
6.854619 	 0.000000 
6.964176 	 0.000000 
6.965783 	 0.000000 
6.892114 	 0.000000 
6.826808 	 0.000000 
6.808417 	 0.000000 
6.856150 	 0.000000 
6.590694 	 0.000000 
6.654887 	 0.000000 
6.438473 	 0.000000 
6.650465 	 0.000000 
6.631376 	 1.000000 
6.496656 	 0.000000 
6.498771 	 0.000000 
6.510775 	 1.000000 
6.598060 	 1.000000 
6.512299 	 0.000000 
6.273846 	 0.000000 
6.290745 	 0.000000 
6.273220 	 1.000000 
6.363577 	 1.000000 
6.439816 	 0.000000 
6.288518 	 0.000000 
6.206162 	 2.000000 
5.893164 	 1.000000 
6.128745 	 0.000000 
6.278851 	 0.000000 
6.468315 	 0.000000 
6.683808 	 0.000000 
6.425426 	 0.000000 
6.491656 	 0.000000 
6.524259 	 0.000000 
6.403588 	 0.000000 
6.117821 	 0.000000 
6.230584 	 0.000000 
6.303577 	 0.000000 
6.626651 	 0.000000 
6.910805 	 0.000000 
6.972284 	 0.000000 
6.953376 	 0.000000 
6.861367 	 0.000000 
6.999623 	 0.000000 
6.747285 	 0.000000 
6.480123 	 0.000000 
6.145106 	 0.000000 
5.974734 	 0.000000 
5.914091 	 0.000000 
5.685939 	 0.000000 
5.950171 	 1.000000 
6.017826 	 0.000000 
5.901802 	 0.000000 
5.888734 	 0.000000 
5.862278 	 1.000000 
5.659296 	 0.000000 
6.036029 	 0.000000 
6.203122 	 0.000000 
6.125745 	 0.000000 
6.408515 	 0.000000 
6.604569 	 0.000000 
6.532963 	 0.000000 
6.580448 	 0.000000 
6.680284 	 0.000000 
6.797476 	 0.000000 
6.680080 	 0.000000 
6.971745 	 0.000000 
6.869553 	 0.000000 
6.808771 	 1.000000 
6.974090 	 0.000000 
7.094468 	 0.000000 
7.099587 	 0.000000 
7.039052 	 0.000000 
6.909875 	 0.000000 
6.692172 	 0.000000 
6.568417 	 0.000000 
6.656502 	 0.000000 
6.698415 	 1.000000 
6.584162 	 0.000000 
6.456487 	 0.000000 
6.349266 	 0.000000 
6.429534 	 0.000000 
6.592510 	 0.000000 
6.526585 	 0.000000 
6.065332 	 0.000000 
6.227374 	 0.000000 
6.446620 	 1.000000 
6.376353 	 0.000000 
6.151500 	 0.000000 
6.351535 	 0.000000 
6.200286 	 0.000000 
6.349877 	 0.000000 
6.288781 	 0.000000 
6.560020 	 0.000000 
6.477203 	 0.000000 
6.583824 	 0.000000 
6.353120 	 0.000000 
6.583040 	 0.000000 
6.208811 	 0.000000 
6.199969 	 0.000000 
6.434169 	 0.000000 
6.471174 	 0.000000 
6.800547 	 1.000000 
6.964128 	 0.000000 
7.160997 	 1.000000 
7.092108 	 0.000000 
6.926540 	 0.000000 
6.840754 	 0.000000 
6.653784 	 0.000000 
6.474808 	 0.000000 
5.955170 	 0.000000 
6.103098 	 0.000000 
5.960318 	 0.000000 
5.855221 	 0.000000 
5.943169 	 0.000000 
6.104551 	 0.000000 
6.286010 	 0.000000 
6.190945 	 0.000000 
6.017522 	 0.000000 
6.210642 	 0.000000 
6.278482 	 0.000000 
5.903988 	 0.000000 
6.165389 	 0.000000 
6.135071 	 0.000000 
6.226208 	 0.000000 
6.549097 	 0.000000 
6.583754 	 0.000000 
6.569254 	 0.000000 
6.520260 	 1.000000 
6.551001 	 0.000000 
6.966196 	 0.000000 
6.827860 	 0.000000 
6.892937 	 0.000000 
6.866749 	 0.000000 
6.895838 	 1.000000 
7.216010 	 1.000000 
7.054152 	 0.000000 
6.802512 	 0.000000 
6.884763 	 0.000000 
6.517641 	 0.000000 
6.603226 	 1.000000 
6.721828 	 1.000000 
6.607543 	 0.000000 
6.438429 	 2.000000 
6.554062 	 0.000000 
6.480244 	 0.000000 
6.786758 	 0.000000 
6.436177 	 0.000000 
6.241071 	 0.000000 
6.187015 	 0.000000 
6.471400 	 0.000000 
6.378762 	 0.000000 
6.370581 	 0.000000 
6.137311 	 0.000000 
6.378683 	 1.000000 
6.469321 	 0.000000 
6.423982 	 1.000000 
6.194840 	 0.000000 
6.133505 	 0.000000 
6.399615 	 0.000000 
6.543123 	 0.000000 
6.530164 	 0.000000 
6.214455 	 0.000000 
6.202146 	 0.000000 
6.224779 	 0.000000 
6.678380 	 0.000000 
6.918270 	 0.000000 
7.061321 	 0.000000 
7.106032 	 0.000000 
7.072985 	 0.000000 
7.009595 	 0.000000 
6.923826 	 1.000000 
6.867004 	 1.000000 
6.589643 	 0.000000 
5.987736 	 0.000000 
6.075173 	 1.000000 
5.829228 	 0.000000 
5.852648 	 0.000000 
5.885563 	 0.000000 
6.111166 	 0.000000 
6.199754 	 0.000000 
6.187004 	 0.000000 
6.085254 	 0.000000 
6.245986 	 0.000000 
6.242936 	 0.000000 
6.063276 	 0.000000 
6.125318 	 0.000000 
6.238536 	 0.000000 
6.314109 	 0.000000 
6.418216 	 0.000000 
6.397111 	 0.000000 
6.312561 	 0.000000 
6.230383 	 1.000000 
6.485660 	 0.000000 
6.937018 	 0.000000 
6.973600 	 1.000000 
6.982071 	 0.000000 
7.016407 	 0.000000 
7.067244 	 0.000000 
7.081819 	 0.000000 
7.093697 	 0.000000 
6.996320 	 0.000000 
6.961094 	 1.000000 
6.929550 	 0.000000 
6.668963 	 0.000000 
6.608604 	 0.000000 
6.483406 	 1.000000 
6.535321 	 1.000000 
6.626140 	 1.000000 
6.507083 	 0.000000 
6.517437 	 0.000000 
6.268584 	 0.000000 
6.082964 	 0.000000 
6.430447 	 0.000000 
6.518761 	 0.000000 
6.476468 	 0.000000 
6.369213 	 0.000000 
6.395327 	 0.000000 
6.323095 	 0.000000 
6.498346 	 0.000000 
6.403432 	 0.000000 
6.274935 	 0.000000 
6.128932 	 0.000000 
6.497327 	 0.000000 
6.536458 	 0.000000 
6.528546 	 0.000000 
6.297843 	 0.000000 
6.232566 	 0.000000 
6.297758 	 0.000000 
6.188395 	 0.000000 
6.575589 	 0.000000 
6.654285 	 1.000000 
6.837021 	 0.000000 
6.847476 	 1.000000 
6.807934 	 0.000000 
6.825529 	 0.000000 
6.714552 	 0.000000 
6.417086 	 0.000000 
5.947621 	 0.000000 
5.948780 	 0.000000 
5.622618 	 0.000000 
5.622672 	 0.000000 
5.727193 	 0.000000 
6.004748 	 0.000000 
6.152030 	 0.000000 
6.051815 	 0.000000 
6.289328 	 0.000000 
6.081792 	 0.000000 
5.936359 	 0.000000 
5.916342 	 0.000000 
6.144334 	 1.000000 
6.437719 	 1.000000 
6.430585 	 2.000000 
6.512505 	 0.000000 
6.305163 	 0.000000 
6.239062 	 0.000000 
6.406535 	 0.000000 
6.481759 	 0.000000 
6.824487 	 1.000000 
7.052935 	 0.000000 
7.168660 	 0.000000 
7.224247 	 0.000000 
7.133435 	 1.000000 
7.118790 	 1.000000 
7.027050 	 1.000000 
7.029096 	 1.000000 
6.710545 	 0.000000 
6.622995 	 0.000000 
6.673137 	 0.000000 
6.610279 	 0.000000 
6.446969 	 0.000000 
6.408746 	 1.000000 
6.446300 	 0.000000 
6.434383 	 0.000000 
6.252457 	 0.000000 
6.354977 	 0.000000 
6.307385 	 0.000000 
6.235508 	 0.000000 
6.222849 	 0.000000 
6.304230 	 0.000000 
6.318927 	 0.000000 
6.497154 	 1.000000 
6.596494 	 0.000000 
6.331974 	 0.000000 
6.496392 	 0.000000 
6.506100 	 0.000000 
6.677084 	 0.000000 
6.642351 	 0.000000 
6.553681 	 0.000000 
6.304433 	 0.000000 
6.091164 	 0.000000 
6.324686 	 0.000000 
6.352976 	 0.000000 
6.264494 	 1.000000 
6.515788 	 0.000000 
6.490188 	 1.000000 
6.490130 	 0.000000 
6.518034 	 0.000000 
6.609690 	 0.000000 
6.906643 	 0.000000 
6.558799 	 0.000000 
6.309955 	 0.000000 
6.078342 	 0.000000 
5.949749 	 0.000000 
5.796305 	 0.000000 
5.604377 	 0.000000 
5.690888 	 0.000000 
5.997396 	 0.000000 
6.315791 	 0.000000 
6.311053 	 0.000000 
6.094513 	 0.000000 
5.662087 	 0.000000 
5.681482 	 0.000000 
5.993428 	 0.000000 
6.275798 	 0.000000 
6.200046 	 0.000000 
6.425331 	 0.000000 
6.357082 	 0.000000 
6.373992 	 0.000000 
6.081446 	 0.000000 
5.998954 	 0.000000 
6.121029 	 0.000000 
6.601570 	 0.000000 
6.938855 	 0.000000 
6.970292 	 0.000000 
7.134303 	 0.000000 
7.000916 	 0.000000 
7.003476 	 1.000000 
7.029973 	 0.000000 
7.101611 	 0.000000 
6.705047 	 1.000000 
6.515084 	 0.000000 
6.684097 	 0.000000 
6.368118 	 0.000000 
6.471057 	 0.000000 
6.357039 	 1.000000 
6.407523 	 0.000000 
6.451379 	 0.000000 
6.357836 	 0.000000 
6.270945 	 0.000000 
6.271687 	 0.000000 
6.114984 	 0.000000 
5.922292 	 0.000000 
6.150580 	 1.000000 
6.188937 	 0.000000 
6.609970 	 0.000000 
6.669827 	 0.000000 
6.652961 	 0.000000 
6.579465 	 0.000000 
6.700177 	 1.000000 
6.719315 	 1.000000 
6.801431 	 0.000000 
6.628308 	 0.000000 
6.080314 	 0.000000 
5.957996 	 0.000000 
6.112845 	 0.000000 
6.211572 	 0.000000 
6.219818 	 0.000000 
6.232456 	 0.000000 
6.547160 	 0.000000 
6.481596 	 2.000000 
6.442300 	 0.000000 
6.273743 	 0.000000 
6.503243 	 0.000000 
6.221136 	 1.000000 
6.239927 	 0.000000 
6.094982 	 0.000000 
6.081216 	 0.000000 
5.759970 	 0.000000 
5.793874 	 0.000000 
5.940460 	 0.000000 
6.051975 	 0.000000 
6.172505 	 0.000000 
6.215752 	 0.000000 
6.272002 	 0.000000 
5.660010 	 0.000000 
5.696376 	 0.000000 
6.052605 	 0.000000 
6.045024 	 0.000000 
6.334491 	 0.000000 
6.435746 	 0.000000 
6.403807 	 0.000000 
6.182561 	 0.000000 
6.110203 	 0.000000 
5.987450 	 0.000000 
6.161281 	 0.000000 
6.387694 	 0.000000 
6.668895 	 1.000000 
6.891874 	 0.000000 
6.749860 	 0.000000 
6.754269 	 0.000000 
6.826692 	 0.000000 
6.637386 	 0.000000 
6.826001 	 0.000000 
6.656518 	 0.000000 
6.487163 	 0.000000 
6.355909 	 0.000000 
6.477321 	 0.000000 
6.442133 	 0.000000 
6.571250 	 0.000000 
6.584910 	 1.000000 
6.575425 	 0.000000 
6.514622 	 0.000000 
6.315265 	 1.000000 
6.276218 	 0.000000 
5.916647 	 1.000000 
6.066279 	 0.000000 
6.009181 	 0.000000 
6.113489 	 0.000000 
6.478701 	 0.000000 
6.492175 	 2.000000 
6.401023 	 0.000000 
6.532938 	 0.000000 
6.601504 	 0.000000 
6.698078 	 1.000000 
6.559561 	 0.000000 
6.292181 	 0.000000 
6.000734 	 0.000000 
5.729725 	 0.000000 
6.024621 	 0.000000 
6.221866 	 0.000000 
6.088535 	 0.000000 
6.060741 	 0.000000 
6.365374 	 0.000000 
6.200876 	 0.000000 
6.116313 	 0.000000 
6.307992 	 0.000000 
6.080554 	 0.000000 
6.345384 	 0.000000 
6.256660 	 0.000000 
5.952275 	 0.000000 
5.992340 	 0.000000 
5.706432 	 0.000000 
5.732703 	 0.000000 
5.899210 	 0.000000 
5.985674 	 0.000000 
6.036609 	 0.000000 
6.104411 	 0.000000 
6.311957 	 0.000000 
5.567223 	 0.000000 
5.780330 	 0.000000 
5.673124 	 0.000000 
5.909163 	 0.000000 
6.258493 	 0.000000 
6.031725 	 0.000000 
6.216751 	 0.000000 
6.126342 	 0.000000 
6.122382 	 0.000000 
6.020924 	 0.000000 
6.025570 	 1.000000 
6.326299 	 0.000000 
6.626685 	 0.000000 
6.650429 	 0.000000 
6.537730 	 0.000000 
6.668587 	 1.000000 
6.607672 	 0.000000 
6.645963 	 0.000000 
6.544736 	 0.000000 
6.439125 	 0.000000 
6.379167 	 0.000000 
6.362007 	 1.000000 
6.436311 	 0.000000 
6.605164 	 0.000000 
6.747959 	 0.000000 
6.555592 	 0.000000 
6.637652 	 0.000000 
6.518900 	 0.000000 
6.410839 	 0.000000 
6.271949 	 0.000000 
6.204807 	 0.000000 
6.088487 	 0.000000 
6.027851 	 0.000000 
5.929781 	 0.000000 
6.383596 	 0.000000 
6.509429 	 1.000000 
6.417509 	 0.000000 
6.536731 	 0.000000 
6.466372 	 0.000000 
6.610046 	 0.000000 
6.430397 	 0.000000 
6.192771 	 0.000000 
5.881534 	 0.000000 
5.642929 	 0.000000 
5.885828 	 0.000000 
6.121824 	 0.000000 
5.953092 	 0.000000 
6.059029 	 0.000000 
5.949662 	 0.000000 
6.160350 	 0.000000 
6.019712 	 0.000000 
6.304877 	 0.000000 
6.077367 	 0.000000 
6.351233 	 0.000000 
6.158326 	 0.000000 
6.013438 	 0.000000 
6.003865 	 0.000000 
5.770070 	 0.000000 
5.714294 	 0.000000 
5.711964 	 0.000000 
5.891552 	 1.000000 
5.806965 	 0.000000 
5.927968 	 0.000000 
6.064099 	 0.000000 
5.600384 	 0.000000 
5.901282 	 0.000000 
5.626325 	 0.000000 
6.007228 	 0.000000 
6.066905 	 0.000000 
6.052344 	 0.000000 
6.157397 	 0.000000 
6.205963 	 0.000000 
6.007540 	 0.000000 
5.977442 	 1.000000 
5.850097 	 0.000000 
6.049593 	 0.000000 
6.299206 	 0.000000 
6.462060 	 0.000000 
6.431208 	 1.000000 
6.378635 	 0.000000 
6.349435 	 0.000000 
6.136825 	 0.000000 
6.265385 	 0.000000 
6.477116 	 0.000000 
6.427071 	 1.000000 
6.501778 	 0.000000 
6.659229 	 0.000000 
6.633542 	 0.000000 
6.490404 	 0.000000 
6.747607 	 0.000000 
6.586794 	 0.000000 
6.581969 	 0.000000 
6.514023 	 0.000000 
6.575664 	 0.000000 
6.550775 	 0.000000 
6.528833 	 1.000000 
6.418475 	 0.000000 
6.129817 	 0.000000 
6.431202 	 1.000000 
6.570384 	 0.000000 
6.486363 	 1.000000 
6.251199 	 0.000000 
6.188116 	 0.000000 
6.374130 	 1.000000 
6.486537 	 0.000000 
6.208229 	 0.000000 
5.693312 	 0.000000 
5.680211 	 0.000000 
5.767976 	 0.000000 
5.838734 	 2.000000 
5.856158 	 0.000000 
6.212087 	 0.000000 
6.088867 	 0.000000 
5.870418 	 0.000000 
5.865979 	 0.000000 
6.127337 	 0.000000 
5.932661 	 0.000000 
6.081117 	 0.000000 
5.946576 	 0.000000 
6.107986 	 0.000000 
6.026051 	 0.000000 
5.571603 	 1.000000 
5.649868 	 0.000000 
5.956694 	 0.000000 
5.752107 	 0.000000 
5.681692 	 0.000000 
5.731829 	 0.000000 
5.715861 	 0.000000 
5.679592 	 0.000000 
5.733697 	 0.000000 
5.743365 	 0.000000 
5.861789 	 0.000000 
6.014710 	 0.000000 
6.289488 	 0.000000 
6.249238 	 0.000000 
6.075594 	 0.000000 
6.037277 	 0.000000 
6.045856 	 0.000000 
6.081723 	 0.000000 
6.280140 	 0.000000 
6.410573 	 0.000000 
6.333495 	 1.000000 
6.471023 	 0.000000 
6.391458 	 0.000000 
6.268671 	 0.000000 
6.146851 	 0.000000 
6.277008 	 0.000000 
6.427406 	 0.000000 
6.415304 	 0.000000 
6.502791 	 0.000000 
6.504259 	 0.000000 
6.542399 	 0.000000 
6.395269 	 1.000000 
6.630461 	 0.000000 
6.638914 	 0.000000 
6.788342 	 0.000000 
6.638990 	 0.000000 
6.608172 	 0.000000 
6.626345 	 0.000000 
6.661464 	 1.000000 
6.362214 	 0.000000 
6.282027 	 0.000000 
6.450438 	 0.000000 
6.544953 	 1.000000 
6.519738 	 0.000000 
6.249370 	 0.000000 
6.202467 	 0.000000 
6.175947 	 0.000000 
6.081925 	 0.000000 
6.303828 	 0.000000 
5.811809 	 0.000000 
5.449432 	 0.000000 
5.784188 	 0.000000 
5.846851 	 0.000000 
5.912205 	 0.000000 
6.031895 	 0.000000 
5.955794 	 0.000000 
5.940878 	 1.000000 
5.815470 	 0.000000 
5.874734 	 0.000000 
5.655941 	 0.000000 
5.733242 	 0.000000 
6.000152 	 0.000000 
6.132280 	 0.000000 
6.110246 	 1.000000 
5.922401 	 0.000000 
5.655372 	 0.000000 
5.850287 	 0.000000 
5.614443 	 0.000000 
5.582492 	 0.000000 
5.758272 	 0.000000 
5.699604 	 0.000000 
5.515499 	 0.000000 
5.667942 	 0.000000 
5.679964 	 0.000000 
5.645281 	 0.000000 
5.640058 	 0.000000 
5.981713 	 0.000000 
5.848491 	 0.000000 
5.988652 	 1.000000 
5.795544 	 0.000000 
5.908231 	 0.000000 
6.181845 	 0.000000 
6.199876 	 0.000000 
6.286943 	 0.000000 
6.309763 	 0.000000 
6.375383 	 0.000000 
6.272050 	 0.000000 
6.271026 	 0.000000 
6.118282 	 0.000000 
6.095527 	 0.000000 
6.248903 	 0.000000 
6.309465 	 0.000000 
6.305117 	 0.000000 
6.413964 	 1.000000 
6.348159 	 0.000000 
6.317433 	 0.000000 
6.500984 	 0.000000 
6.488613 	 1.000000 
6.453918 	 0.000000 
6.528268 	 1.000000 
6.540647 	 0.000000 
6.729189 	 1.000000 
6.783069 	 0.000000 
6.639436 	 0.000000 
6.585462 	 1.000000 
6.531364 	 0.000000 
6.877836 	 1.000000 
6.702660 	 0.000000 
6.543766 	 0.000000 
6.545237 	 0.000000 
6.102991 	 1.000000 
6.188929 	 0.000000 
6.103174 	 0.000000 
5.870356 	 0.000000 
5.723064 	 0.000000 
5.659053 	 0.000000 
5.736753 	 0.000000 
5.742365 	 0.000000 
5.953160 	 0.000000 
5.639236 	 0.000000 
5.871650 	 0.000000 
5.931847 	 0.000000 
5.874077 	 0.000000 
5.814375 	 0.000000 
5.915008 	 0.000000 
6.079965 	 0.000000 
5.832968 	 0.000000 
5.992547 	 0.000000 
5.804075 	 0.000000 
5.806714 	 1.000000 
5.740124 	 0.000000 
5.500285 	 0.000000 
5.779982 	 1.000000 
5.704654 	 0.000000 
5.630289 	 0.000000 
5.405985 	 0.000000 
5.539112 	 0.000000 
5.704322 	 0.000000 
5.873775 	 0.000000 
5.953971 	 0.000000 
5.932944 	 0.000000 
5.879534 	 0.000000 
5.921743 	 0.000000 
6.137668 	 0.000000 
6.129299 	 0.000000 
6.236170 	 0.000000 
6.289289 	 0.000000 
6.166836 	 1.000000 
6.269374 	 0.000000 
6.132262 	 1.000000 
5.991399 	 0.000000 
6.079743 	 0.000000 
5.991799 	 0.000000 
5.996590 	 0.000000 
6.313146 	 0.000000 
6.478975 	 0.000000 
6.316776 	 0.000000 
6.073586 	 0.000000 
6.331883 	 0.000000 
6.389443 	 1.000000 
6.325436 	 0.000000 
6.297549 	 1.000000 
6.495717 	 0.000000 
6.703926 	 0.000000 
6.774333 	 0.000000 
6.503180 	 0.000000 
6.564698 	 1.000000 
6.561500 	 1.000000 
6.390923 	 1.000000 
6.609927 	 0.000000 
6.775155 	 0.000000 
6.687462 	 0.000000 
6.646289 	 0.000000 
6.482596 	 0.000000 
6.171287 	 1.000000 
6.187952 	 0.000000 
6.318083 	 0.000000 
6.043960 	 0.000000 
5.850680 	 0.000000 
5.798783 	 0.000000 
5.688333 	 0.000000 
5.945259 	 0.000000 
5.950999 	 0.000000 
5.863349 	 0.000000 
5.789212 	 0.000000 
5.908813 	 0.000000 
5.682213 	 0.000000 
5.869383 	 0.000000 
6.108788 	 0.000000 
6.193255 	 0.000000 
5.995164 	 0.000000 
5.943324 	 0.000000 
5.806137 	 0.000000 
5.831042 	 0.000000 
5.674712 	 0.000000 
5.675016 	 0.000000 
6.013441 	 1.000000 
5.525506 	 0.000000 
5.570928 	 0.000000 
5.552334 	 0.000000 
5.616672 	 0.000000 
5.576221 	 0.000000 
5.731489 	 0.000000 
5.991881 	 0.000000 
6.244200 	 1.000000 
6.110503 	 0.000000 
5.998699 	 0.000000 
6.075902 	 0.000000 
5.981415 	 0.000000 
6.119948 	 0.000000 
6.386892 	 0.000000 
6.074870 	 2.000000 
6.031639 	 0.000000 
6.002470 	 1.000000 
5.671092 	 0.000000 
5.975873 	 0.000000 
5.914448 	 0.000000 
6.015948 	 0.000000 
6.334517 	 0.000000 
6.430098 	 0.000000 
6.393909 	 1.000000 
6.333418 	 0.000000 
6.236508 	 0.000000 
6.202792 	 0.000000 
6.454673 	 0.000000 
6.350199 	 1.000000 
6.630865 	 0.000000 
6.769138 	 1.000000 
6.721995 	 1.000000 
6.695610 	 1.000000 
6.702807 	 0.000000 
6.277837 	 0.000000 
6.390606 	 0.000000 
6.656654 	 2.000000 
6.466418 	 0.000000 
6.595738 	 0.000000 
6.626725 	 1.000000 
6.582068 	 0.000000 
6.408087 	 0.000000 
6.292464 	 0.000000 
6.146217 	 0.000000 
6.019510 	 0.000000 
5.911772 	 0.000000 
5.622978 	 0.000000 
5.791988 	 0.000000 
5.927594 	 0.000000 
5.961257 	 0.000000 
5.976548 	 0.000000 
5.860303 	 0.000000 
5.895314 	 0.000000 
5.628490 	 0.000000 
6.074402 	 0.000000 
5.967837 	 0.000000 
6.000472 	 0.000000 
5.851758 	 0.000000 
5.803806 	 0.000000 
5.880378 	 0.000000 
5.785370 	 0.000000 
5.809024 	 1.000000 
5.704143 	 0.000000 
5.697702 	 0.000000 
5.528799 	 0.000000 
5.624460 	 0.000000 
5.580981 	 0.000000 
5.461412 	 0.000000 
5.740555 	 0.000000 
6.015871 	 0.000000 
5.999340 	 0.000000 
6.152383 	 0.000000 
6.145977 	 0.000000 
6.047008 	 0.000000 
6.060225 	 1.000000 
6.080201 	 0.000000 
6.042831 	 0.000000 
5.991891 	 0.000000 
5.851034 	 0.000000 
5.993847 	 0.000000 
5.941596 	 0.000000 
5.710427 	 0.000000 
5.879792 	 1.000000 
6.012143 	 0.000000 
5.998301 	 0.000000 
5.946119 	 0.000000 
6.050749 	 0.000000 
5.956224 	 0.000000 
5.947863 	 0.000000 
5.889231 	 0.000000 
6.284801 	 0.000000 
6.419048 	 0.000000 
6.370274 	 0.000000 
6.503315 	 0.000000 
6.766696 	 0.000000 
6.754465 	 0.000000 
6.936244 	 1.000000 
6.961231 	 0.000000 
6.412777 	 1.000000 
6.327894 	 0.000000 
6.736911 	 1.000000 
6.528119 	 0.000000 
6.483140 	 0.000000 
6.532659 	 1.000000 
6.498874 	 0.000000 
6.296897 	 0.000000 
6.135110 	 0.000000 
6.281160 	 0.000000 
5.979140 	 0.000000 
5.969416 	 0.000000 
5.680676 	 0.000000 
5.748486 	 0.000000 
5.950270 	 0.000000 
5.849621 	 0.000000 
6.055853 	 1.000000 
5.833071 	 0.000000 
5.659359 	 0.000000 
5.672483 	 0.000000 
5.926851 	 0.000000 
5.720793 	 0.000000 
5.825877 	 0.000000 
5.796037 	 0.000000 
5.774358 	 0.000000 
5.821964 	 0.000000 
5.898337 	 0.000000 
5.602951 	 0.000000 
5.681339 	 0.000000 
5.550463 	 0.000000 
5.162687 	 0.000000 
5.533720 	 0.000000 
5.153120 	 0.000000 
5.392737 	 1.000000 
5.697423 	 0.000000 
6.152734 	 1.000000 
5.966242 	 0.000000 
5.965487 	 0.000000 
6.121891 	 0.000000 
6.151919 	 0.000000 
5.997908 	 0.000000 
5.985783 	 0.000000 
5.877399 	 0.000000 
5.600985 	 0.000000 
5.830388 	 1.000000 
5.943720 	 0.000000 
6.042478 	 0.000000 
5.870640 	 0.000000 
5.793521 	 0.000000 
6.067343 	 0.000000 
5.934649 	 0.000000 
5.512118 	 0.000000 
5.766022 	 0.000000 
5.652670 	 0.000000 
5.563543 	 0.000000 
5.951128 	 0.000000 
5.971816 	 0.000000 
6.099092 	 0.000000 
6.324297 	 0.000000 
6.324725 	 0.000000 
6.515442 	 0.000000 
6.749662 	 0.000000 
6.687457 	 0.000000 
6.844892 	 0.000000 
6.528653 	 0.000000 
6.496567 	 0.000000 
6.523347 	 0.000000 
6.599001 	 0.000000 
6.495131 	 0.000000 
6.475699 	 1.000000 
6.483124 	 1.000000 
6.141646 	 0.000000 
6.242452 	 1.000000 
6.102182 	 0.000000 
6.111601 	 0.000000 
6.046707 	 0.000000 
5.738578 	 0.000000 
5.562740 	 0.000000 
5.842046 	 0.000000 
5.788713 	 0.000000 
6.034444 	 0.000000 
5.716595 	 0.000000 
5.742201 	 1.000000 
5.676544 	 0.000000 
5.631620 	 0.000000 
5.537573 	 0.000000 
5.573488 	 0.000000 
5.695116 	 0.000000 
5.742624 	 0.000000 
5.863724 	 0.000000 
5.641908 	 0.000000 
5.616548 	 0.000000 
5.763184 	 0.000000 
5.409083 	 0.000000 
5.263548 	 0.000000 
5.167698 	 0.000000 
5.394870 	 0.000000 
5.642038 	 0.000000 
5.681902 	 0.000000 
5.960529 	 0.000000 
5.808049 	 0.000000 
6.031217 	 0.000000 
6.178367 	 1.000000 
6.126764 	 0.000000 
5.972976 	 0.000000 
5.880934 	 0.000000 
5.656506 	 0.000000 
5.689232 	 0.000000 
5.645057 	 0.000000 
6.071346 	 1.000000 
5.971991 	 0.000000 
5.727272 	 0.000000 
5.872615 	 0.000000 
5.970600 	 0.000000 
5.953487 	 0.000000 
5.604217 	 0.000000 
5.504212 	 0.000000 
5.393525 	 0.000000 
5.631819 	 0.000000 
5.997244 	 0.000000 
6.010060 	 0.000000 
6.111567 	 0.000000 
6.174211 	 0.000000 
6.230675 	 0.000000 
6.449084 	 0.000000 
6.668394 	 0.000000 
6.674127 	 0.000000 
6.638441 	 0.000000 
6.462830 	 0.000000 
6.588956 	 0.000000 
6.581783 	 0.000000 
6.696097 	 0.000000 
6.571349 	 0.000000 
6.531191 	 0.000000 
6.477159 	 0.000000 
6.346008 	 0.000000 
6.180454 	 0.000000 
6.171415 	 0.000000 
6.144445 	 0.000000 
6.152841 	 0.000000 
5.603926 	 0.000000 
5.761704 	 0.000000 
5.979044 	 0.000000 
6.035650 	 0.000000 
6.180331 	 0.000000 
6.204874 	 1.000000 
6.019318 	 0.000000 
5.826856 	 0.000000 
5.870601 	 0.000000 
5.778789 	 0.000000 
5.473655 	 0.000000 
5.485392 	 0.000000 
5.533434 	 0.000000 
5.688984 	 0.000000 
5.465639 	 0.000000 
5.325205 	 0.000000 
5.461834 	 0.000000 
5.403547 	 0.000000 
5.276934 	 0.000000 
5.105377 	 0.000000 
5.522956 	 0.000000 
5.497520 	 0.000000 
5.557964 	 0.000000 
5.631880 	 0.000000 
5.763470 	 0.000000 
6.216716 	 0.000000 
6.183429 	 0.000000 
6.014440 	 0.000000 
5.907203 	 0.000000 
5.907457 	 0.000000 
5.610700 	 0.000000 
5.755265 	 0.000000 
5.794174 	 0.000000 
5.702348 	 0.000000 
5.716812 	 0.000000 
5.749940 	 0.000000 
6.012681 	 0.000000 
6.105255 	 0.000000 
5.753703 	 0.000000 
5.493597 	 1.000000 
5.565499 	 0.000000 
5.532360 	 0.000000 
5.695093 	 0.000000 
5.708732 	 0.000000 
5.942620 	 0.000000 
6.027894 	 0.000000 
6.091743 	 0.000000 
6.469480 	 0.000000 
6.371466 	 0.000000 
6.401836 	 0.000000 
6.763651 	 0.000000 
6.562827 	 0.000000 
6.591111 	 0.000000 
6.450320 	 0.000000 
6.713032 	 0.000000 
6.530510 	 1.000000 
6.586952 	 0.000000 
6.719665 	 2.000000 
6.591711 	 1.000000 
6.417763 	 1.000000 
6.361261 	 0.000000 
6.389494 	 0.000000 
6.335030 	 0.000000 
6.114045 	 0.000000 
5.955854 	 1.000000 
5.768139 	 0.000000 
5.911122 	 0.000000 
6.301020 	 0.000000 
6.252227 	 0.000000 
6.069744 	 0.000000 
5.973659 	 0.000000 
5.858825 	 0.000000 
5.949079 	 0.000000 
5.785503 	 0.000000 
5.607474 	 0.000000 
5.427764 	 0.000000 
5.266991 	 0.000000 
5.509331 	 0.000000 
5.199121 	 0.000000 
5.238803 	 0.000000 
5.410131 	 0.000000 
5.263160 	 0.000000 
5.148734 	 0.000000 
5.198716 	 0.000000 
5.575032 	 0.000000 
5.700048 	 0.000000 
5.613204 	 0.000000 
5.899065 	 0.000000 
5.765470 	 0.000000 
6.008632 	 0.000000 
6.221953 	 0.000000 
6.186003 	 0.000000 
5.927054 	 0.000000 
5.820122 	 0.000000 
5.787306 	 0.000000 
5.913559 	 0.000000 
5.902950 	 0.000000 
5.665954 	 0.000000 
5.857787 	 0.000000 
5.708772 	 0.000000 
5.856179 	 0.000000 
5.867075 	 0.000000 
5.775322 	 0.000000 
5.540255 	 0.000000 
5.715903 	 0.000000 
5.872603 	 1.000000 
5.480025 	 0.000000 
5.780719 	 0.000000 
5.912278 	 0.000000 
5.982561 	 0.000000 
5.843973 	 0.000000 
6.227548 	 0.000000 
6.213855 	 0.000000 
6.407841 	 0.000000 
6.466145 	 0.000000 
6.420359 	 0.000000 
6.440590 	 0.000000 
6.510579 	 0.000000 
6.559108 	 0.000000 
6.697878 	 0.000000 
6.699768 	 0.000000 
6.836646 	 0.000000 
6.640467 	 0.000000 
6.610931 	 0.000000 
6.449117 	 0.000000 
6.506338 	 0.000000 
6.398500 	 0.000000 
6.203772 	 0.000000 
6.072449 	 0.000000 
6.031001 	 0.000000 
6.054018 	 0.000000 
6.346522 	 0.000000 
6.316761 	 0.000000 
6.115561 	 0.000000 
6.005004 	 0.000000 
5.831916 	 0.000000 
5.784445 	 0.000000 
5.719985 	 0.000000 
5.438362 	 0.000000 
5.293299 	 0.000000 
5.109585 	 0.000000 
5.234067 	 0.000000 
5.276326 	 0.000000 
5.283453 	 0.000000 
5.041931 	 0.000000 
5.068126 	 1.000000 
5.000898 	 0.000000 
5.111534 	 0.000000 
5.292258 	 0.000000 
5.544963 	 0.000000 
5.670052 	 0.000000 
5.783866 	 0.000000 
5.804200 	 0.000000 
5.971031 	 0.000000 
6.025379 	 0.000000 
6.157942 	 0.000000 
5.984086 	 0.000000 
5.872109 	 0.000000 
5.914508 	 0.000000 
6.028190 	 0.000000 
6.076740 	 1.000000 
6.027987 	 0.000000 
5.831702 	 0.000000 
5.805352 	 0.000000 
5.796245 	 0.000000 
5.887379 	 0.000000 
5.635592 	 0.000000 
5.558283 	 0.000000 
5.628048 	 0.000000 
5.806109 	 0.000000 
5.773004 	 0.000000 
5.740796 	 0.000000 
6.052013 	 0.000000 
5.829065 	 0.000000 
6.218506 	 0.000000 
6.208406 	 0.000000 
6.448981 	 0.000000 
6.393021 	 0.000000 
6.375348 	 0.000000 
6.418632 	 0.000000 
6.379725 	 1.000000 
6.378649 	 0.000000 
6.525224 	 0.000000 
6.671138 	 0.000000 
6.915563 	 0.000000 
6.868976 	 0.000000 
6.512005 	 0.000000 
6.553953 	 0.000000 
6.532973 	 1.000000 
6.368433 	 0.000000 
6.387269 	 0.000000 
6.274625 	 0.000000 
6.260366 	 0.000000 
6.148233 	 0.000000 
6.232348 	 0.000000 
6.304386 	 0.000000 
6.139708 	 0.000000 
6.142957 	 0.000000 
5.956945 	 0.000000 
5.913382 	 0.000000 
5.808542 	 0.000000 
5.700036 	 0.000000 
5.568219 	 0.000000 
5.334198 	 0.000000 
5.180949 	 0.000000 
5.213800 	 0.000000 
5.446794 	 0.000000 
5.178737 	 0.000000 
5.382507 	 0.000000 
5.265693 	 0.000000 
5.079591 	 0.000000 
5.332009 	 0.000000 
5.220392 	 0.000000 
5.225497 	 0.000000 
5.534740 	 0.000000 
5.498374 	 0.000000 
5.749795 	 0.000000 
5.905771 	 0.000000 
6.008536 	 0.000000 
6.071882 	 0.000000 
5.918473 	 0.000000 
5.843282 	 0.000000 
6.052382 	 0.000000 
6.044360 	 0.000000 
6.027005 	 0.000000 
5.978502 	 0.000000 
5.806116 	 0.000000 
5.678411 	 0.000000 
5.714471 	 0.000000 
5.706471 	 1.000000 
5.299087 	 0.000000 
5.467030 	 0.000000 
5.360797 	 0.000000 
5.582705 	 0.000000 
5.572355 	 0.000000 
5.729233 	 0.000000 
6.018176 	 0.000000 
5.886436 	 0.000000 
5.839558 	 0.000000 
6.128678 	 0.000000 
6.331330 	 0.000000 
6.261391 	 1.000000 
6.276279 	 0.000000 
6.286185 	 0.000000 
6.305275 	 0.000000 
6.340903 	 1.000000 
6.254644 	 0.000000 
6.597851 	 0.000000 
6.721482 	 0.000000 
6.474412 	 0.000000 
6.451905 	 1.000000 
6.235594 	 0.000000 
6.332124 	 0.000000 
6.300803 	 0.000000 
6.403961 	 0.000000 
6.558490 	 0.000000 
6.342910 	 0.000000 
6.132939 	 0.000000 
6.224183 	 0.000000 
6.207144 	 0.000000 
6.179335 	 0.000000 
6.234394 	 0.000000 
5.952713 	 0.000000 
5.926425 	 0.000000 
5.660138 	 0.000000 
5.674561 	 0.000000 
5.624730 	 0.000000 
5.455374 	 0.000000 
5.326580 	 0.000000 
5.448224 	 0.000000 
5.279450 	 0.000000 
5.255512 	 0.000000 
5.187902 	 0.000000 
5.387692 	 0.000000 
5.305771 	 0.000000 
5.317861 	 0.000000 
5.203311 	 0.000000 
5.429237 	 0.000000 
5.245376 	 0.000000 
5.681206 	 0.000000 
5.706087 	 0.000000 
5.929590 	 0.000000 
6.016639 	 0.000000 
5.879298 	 0.000000 
5.887589 	 0.000000 
5.741377 	 0.000000 
5.771207 	 0.000000 
6.026024 	 0.000000 
5.899480 	 0.000000 
5.716471 	 0.000000 
5.711665 	 0.000000 
5.672918 	 0.000000 
5.608878 	 0.000000 
5.494571 	 0.000000 
5.429195 	 0.000000 
5.132276 	 0.000000 
5.298107 	 0.000000 
5.457673 	 0.000000 
5.493929 	 0.000000 
5.401341 	 0.000000 
5.800376 	 0.000000 
5.910526 	 0.000000 
5.714396 	 0.000000 
5.701987 	 0.000000 
6.162139 	 0.000000 
6.269284 	 0.000000 
5.954608 	 0.000000 
6.123272 	 0.000000 
6.039883 	 0.000000 
5.896775 	 1.000000 
6.118306 	 0.000000 
6.404253 	 0.000000 
6.367600 	 0.000000 
6.398311 	 0.000000 
6.438073 	 0.000000 
6.340040 	 0.000000 
6.209801 	 1.000000 
6.402740 	 0.000000 
6.387530 	 0.000000 
6.384966 	 0.000000 
6.293603 	 0.000000 
6.164618 	 0.000000 
6.351669 	 0.000000 
6.315987 	 0.000000 
6.269943 	 0.000000 
5.975070 	 0.000000 
5.964866 	 0.000000 
6.087072 	 0.000000 
6.086702 	 1.000000 
5.723118 	 0.000000 
5.630206 	 0.000000 
5.399445 	 0.000000 
5.510628 	 0.000000 
5.466217 	 0.000000 
5.579273 	 0.000000 
5.235922 	 0.000000 
5.359197 	 0.000000 
5.636420 	 0.000000 
5.609983 	 0.000000 
5.689299 	 0.000000 
5.187381 	 0.000000 
5.195926 	 0.000000 
5.178340 	 0.000000 
5.414607 	 0.000000 
5.372111 	 1.000000 
5.700866 	 0.000000 
5.798846 	 0.000000 
5.977893 	 0.000000 
6.139486 	 0.000000 
6.100691 	 0.000000 
5.954538 	 0.000000 
5.644690 	 0.000000 
5.876788 	 0.000000 
5.609959 	 0.000000 
5.455674 	 0.000000 
5.645855 	 0.000000 
5.502958 	 0.000000 
5.442949 	 0.000000 
5.311127 	 0.000000 
5.178291 	 0.000000 
5.192739 	 0.000000 
5.213728 	 0.000000 
5.189492 	 0.000000 
5.362749 	 0.000000 
5.481937 	 0.000000 
5.829145 	 0.000000 
5.649044 	 0.000000 
5.814978 	 0.000000 
5.996850 	 0.000000 
5.934908 	 0.000000 
5.530155 	 0.000000 
5.744966 	 0.000000 
5.938104 	 0.000000 
5.847280 	 0.000000 
5.850113 	 0.000000 
6.166078 	 0.000000 
6.121838 	 1.000000 
6.128665 	 0.000000 
6.319716 	 0.000000 
6.197054 	 0.000000 
6.198941 	 0.000000 
6.255026 	 1.000000 
6.586806 	 0.000000 
6.274162 	 0.000000 
6.044541 	 0.000000 
6.130636 	 0.000000 
6.438580 	 1.000000 
6.447713 	 0.000000 
6.305136 	 1.000000 
6.097274 	 0.000000 
5.983837 	 0.000000 
5.965311 	 0.000000 
6.042133 	 0.000000 
5.703986 	 0.000000 
5.832802 	 0.000000 
5.730925 	 0.000000 
5.568658 	 0.000000 
5.564618 	 0.000000 
5.468344 	 0.000000 
5.190616 	 0.000000 
5.417689 	 0.000000 
5.355506 	 0.000000 
5.715775 	 0.000000 
5.519243 	 0.000000 
5.088024 	 0.000000 
5.228769 	 0.000000 
5.173555 	 0.000000 
5.339291 	 0.000000 
5.598135 	 1.000000 
5.641760 	 0.000000 
5.504824 	 0.000000 
5.883469 	 0.000000 
5.935075 	 0.000000 
5.795072 	 0.000000 
5.760191 	 0.000000 
5.644645 	 0.000000 
5.820524 	 0.000000 
5.469180 	 0.000000 
5.465629 	 0.000000 
5.386924 	 0.000000 
5.105048 	 0.000000 
5.030208 	 0.000000 
5.243664 	 0.000000 
5.142637 	 0.000000 
4.955032 	 0.000000 
4.880928 	 0.000000 
4.940836 	 0.000000 
5.037265 	 0.000000 
5.465485 	 0.000000 
5.636702 	 0.000000 
5.743409 	 0.000000 
5.706377 	 0.000000 
5.706252 	 0.000000 
5.599800 	 0.000000 
5.837308 	 0.000000 
5.531654 	 0.000000 
5.788685 	 0.000000 
5.844386 	 0.000000 
5.794385 	 0.000000 
5.827595 	 0.000000 
6.017329 	 0.000000 
5.882587 	 0.000000 
6.279736 	 0.000000 
6.198662 	 0.000000 
6.080450 	 0.000000 
6.383411 	 0.000000 
6.418212 	 0.000000 
6.355963 	 0.000000 
6.175118 	 0.000000 
6.209908 	 0.000000 
6.115668 	 0.000000 
6.093788 	 0.000000 
6.074681 	 0.000000 
5.962268 	 0.000000 
5.988727 	 0.000000 
5.915980 	 0.000000 
6.064077 	 0.000000 
5.951755 	 0.000000 
5.868055 	 0.000000 
5.988117 	 0.000000 
6.001861 	 0.000000 
5.674027 	 0.000000 
5.636682 	 0.000000 
5.507320 	 0.000000 
5.659164 	 0.000000 
5.843243 	 0.000000 
5.566152 	 0.000000 
5.737715 	 0.000000 
5.120413 	 0.000000 
5.068293 	 0.000000 
5.136665 	 0.000000 
5.030698 	 0.000000 
5.348040 	 0.000000 
5.236972 	 0.000000 
5.571623 	 0.000000 
5.185152 	 0.000000 
5.382221 	 0.000000 
5.737309 	 0.000000 
5.641624 	 0.000000 
5.600803 	 0.000000 
5.564754 	 0.000000 
5.391423 	 0.000000 
5.415639 	 0.000000 
5.268430 	 0.000000 
4.984702 	 0.000000 
5.005651 	 0.000000 
5.152158 	 0.000000 
5.085376 	 0.000000 
5.322968 	 0.000000 
4.997084 	 0.000000 
4.952148 	 0.000000 
5.302577 	 0.000000 
5.499212 	 0.000000 
5.636121 	 0.000000 
5.436671 	 0.000000 
5.586568 	 0.000000 
5.347569 	 0.000000 
5.601965 	 0.000000 
5.819528 	 0.000000 
5.368429 	 0.000000 
5.378998 	 0.000000 
5.438236 	 0.000000 
5.569993 	 0.000000 
5.821788 	 1.000000 
5.714117 	 0.000000 
5.745178 	 0.000000 
5.973233 	 0.000000 
5.969885 	 0.000000 
6.090963 	 0.000000 
5.960996 	 0.000000 
6.241655 	 0.000000 
6.065149 	 0.000000 
6.028394 	 0.000000 
6.183387 	 0.000000 
6.255351 	 0.000000 
6.234199 	 0.000000 
6.305704 	 0.000000 
6.199503 	 0.000000 
6.167556 	 0.000000 
6.022988 	 0.000000 
6.048760 	 0.000000 
6.173443 	 0.000000 
5.873073 	 0.000000 
5.975602 	 0.000000 
5.910309 	 0.000000 
5.922792 	 0.000000 
5.756785 	 0.000000 
5.381116 	 0.000000 
5.474249 	 0.000000 
5.552877 	 0.000000 
5.559061 	 0.000000 
5.540643 	 0.000000 
4.802372 	 0.000000 
5.092448 	 0.000000 
5.158198 	 0.000000 
5.031785 	 0.000000 
4.939067 	 0.000000 
4.927300 	 0.000000 
5.029602 	 0.000000 
4.977227 	 0.000000 
5.077080 	 0.000000 
5.265539 	 0.000000 
5.762436 	 0.000000 
5.696817 	 0.000000 
5.609493 	 0.000000 
5.414000 	 0.000000 
5.389177 	 0.000000 
5.467301 	 0.000000 
5.135815 	 0.000000 
5.013876 	 0.000000 
4.889730 	 0.000000 
5.233878 	 0.000000 
5.332410 	 0.000000 
5.288421 	 0.000000 
5.372547 	 0.000000 
5.592478 	 0.000000 
5.552790 	 0.000000 
5.547499 	 0.000000 
5.542595 	 0.000000 
5.353503 	 0.000000 
5.741033 	 0.000000 
5.667096 	 0.000000 
5.604143 	 0.000000 
5.406811 	 0.000000 
5.293836 	 0.000000 
5.293738 	 1.000000 
5.526364 	 0.000000 
5.694055 	 1.000000 
5.746674 	 0.000000 
5.781687 	 0.000000 
5.706517 	 0.000000 
5.843257 	 0.000000 
6.240555 	 0.000000 
6.055028 	 0.000000 
5.996887 	 0.000000 
6.064534 	 0.000000 
6.138991 	 0.000000 
6.145682 	 0.000000 
6.212619 	 0.000000 
6.298597 	 0.000000 
6.358644 	 0.000000 
6.450071 	 1.000000 
6.330117 	 0.000000 
6.149862 	 0.000000 
6.211450 	 0.000000 
5.977828 	 0.000000 
6.069392 	 0.000000 
6.005704 	 0.000000 
6.223482 	 0.000000 
6.029910 	 0.000000 
5.854045 	 0.000000 
5.542306 	 0.000000 
5.553884 	 0.000000 
5.533533 	 0.000000 
5.576974 	 0.000000 
5.703288 	 0.000000 
4.955671 	 0.000000 
5.171426 	 0.000000 
4.899741 	 0.000000 
5.012928 	 0.000000 
5.201471 	 0.000000 
4.990910 	 0.000000 
4.917400 	 0.000000 
5.103107 	 0.000000 
5.053142 	 0.000000 
5.113504 	 0.000000 
5.512447 	 0.000000 
5.534226 	 0.000000 
5.517798 	 0.000000 
5.751522 	 0.000000 
5.368262 	 1.000000 
5.396015 	 0.000000 
5.337206 	 0.000000 
5.558245 	 0.000000 
5.225318 	 0.000000 
5.365843 	 0.000000 
5.329021 	 0.000000 
5.304799 	 0.000000 
5.468499 	 0.000000 
5.512080 	 0.000000 
5.527487 	 0.000000 
5.766759 	 0.000000 
5.806504 	 0.000000 
5.419125 	 0.000000 
5.582801 	 0.000000 
5.535257 	 0.000000 
5.477639 	 0.000000 
5.497693 	 0.000000 
5.459559 	 0.000000 
5.416200 	 0.000000 
5.535494 	 0.000000 
5.508222 	 0.000000 
5.462238 	 0.000000 
5.694769 	 0.000000 
5.576703 	 0.000000 
5.895472 	 0.000000 
6.094529 	 0.000000 
6.086391 	 0.000000 
6.042927 	 0.000000 
5.835854 	 0.000000 
5.815697 	 0.000000 
6.091239 	 0.000000 
6.019685 	 0.000000 
6.195665 	 0.000000 
6.164937 	 0.000000 
6.006107 	 0.000000 
6.322694 	 1.000000 
6.401265 	 0.000000 
6.245529 	 0.000000 
5.875215 	 0.000000 
5.979252 	 0.000000 
6.019774 	 0.000000 
6.093929 	 0.000000 
6.010488 	 0.000000 
5.706283 	 0.000000 
5.387640 	 0.000000 
5.565487 	 0.000000 
5.533185 	 0.000000 
5.617195 	 0.000000 
5.481145 	 1.000000 
5.139573 	 0.000000 
4.800103 	 0.000000 
4.766876 	 0.000000 
4.826913 	 0.000000 
5.046142 	 0.000000 
4.992865 	 0.000000 
5.128873 	 0.000000 
5.120885 	 0.000000 
5.056444 	 0.000000 
4.989695 	 0.000000 
5.261702 	 0.000000 
5.543650 	 0.000000 
5.605161 	 0.000000 
5.579246 	 0.000000 
5.466808 	 0.000000 
5.688998 	 0.000000 
5.760387 	 0.000000 
5.690162 	 0.000000 
5.585073 	 0.000000 
5.589188 	 0.000000 
5.572994 	 0.000000 
5.761869 	 0.000000 
5.427662 	 0.000000 
5.323112 	 0.000000 
5.273799 	 0.000000 
5.754230 	 1.000000 
5.677488 	 0.000000 
5.690412 	 1.000000 
5.580116 	 0.000000 
5.679496 	 0.000000 
5.579550 	 0.000000 
5.493870 	 0.000000 
5.651244 	 0.000000 
5.477220 	 0.000000 
5.588451 	 0.000000 
5.558256 	 0.000000 
5.495857 	 1.000000 
5.555362 	 0.000000 
5.772137 	 1.000000 
5.963842 	 0.000000 
6.162043 	 0.000000 
6.003317 	 0.000000 
5.983934 	 0.000000 
6.030820 	 0.000000 
6.000639 	 0.000000 
6.071032 	 0.000000 
6.197600 	 0.000000 
6.165545 	 0.000000 
6.284426 	 0.000000 
6.403607 	 0.000000 
6.256920 	 0.000000 
6.231227 	 0.000000 
6.170647 	 0.000000 
6.264291 	 0.000000 
6.073243 	 0.000000 
5.886915 	 0.000000 
5.816581 	 0.000000 
5.829718 	 0.000000 
5.758314 	 0.000000 
5.548469 	 0.000000 
5.618195 	 0.000000 
5.564245 	 0.000000 
5.663602 	 0.000000 
5.467080 	 0.000000 
4.997118 	 0.000000 
4.670978 	 0.000000 
4.677484 	 0.000000 
4.727608 	 0.000000 
4.773012 	 0.000000 
4.894971 	 0.000000 
4.734713 	 0.000000 
4.793530 	 0.000000 
5.026683 	 1.000000 
5.170986 	 0.000000 
5.074460 	 0.000000 
5.333164 	 0.000000 
5.638767 	 0.000000 
5.495620 	 0.000000 
5.361094 	 0.000000 
5.604712 	 0.000000 
5.869488 	 0.000000 
5.620460 	 0.000000 
5.642264 	 0.000000 
5.767366 	 0.000000 
5.691988 	 0.000000 
5.805709 	 0.000000 
5.747590 	 0.000000 
5.642180 	 0.000000 
5.489417 	 0.000000 
5.378346 	 0.000000 
5.485566 	 0.000000 
5.705825 	 0.000000 
5.755802 	 0.000000 
5.790993 	 0.000000 
5.450566 	 0.000000 
5.537822 	 0.000000 
5.636005 	 0.000000 
5.473428 	 0.000000 
5.598403 	 1.000000 
5.462884 	 0.000000 
5.269626 	 0.000000 
5.466814 	 0.000000 
5.743298 	 0.000000 
5.876816 	 0.000000 
5.938748 	 0.000000 
5.977916 	 0.000000 
5.957730 	 0.000000 
5.947484 	 0.000000 
5.861228 	 0.000000 
6.032188 	 0.000000 
6.255087 	 0.000000 
6.388711 	 0.000000 
6.408305 	 0.000000 
6.345332 	 1.000000 
6.365288 	 0.000000 
6.346646 	 0.000000 
6.353697 	 0.000000 
6.225601 	 0.000000 
6.142875 	 1.000000 
5.982758 	 1.000000 
6.003861 	 0.000000 
5.962681 	 0.000000 
5.813207 	 0.000000 
5.558189 	 0.000000 
5.555440 	 1.000000 
5.445178 	 0.000000 
5.392870 	 0.000000 
5.563049 	 0.000000 
4.973647 	 0.000000 
4.686057 	 0.000000 
4.767880 	 0.000000 
4.984578 	 0.000000 
4.967349 	 0.000000 
4.848492 	 0.000000 
4.824098 	 0.000000 
4.463506 	 0.000000 
4.651888 	 0.000000 
5.053792 	 0.000000 
5.213274 	 0.000000 
5.265571 	 0.000000 
5.449178 	 0.000000 
5.249569 	 0.000000 
5.402770 	 0.000000 
5.699495 	 0.000000 
5.835351 	 1.000000 
5.526222 	 0.000000 
5.630746 	 0.000000 
5.834357 	 0.000000 
6.104475 	 0.000000 
6.132966 	 0.000000 
5.873299 	 0.000000 
5.908947 	 0.000000 
5.920694 	 0.000000 
5.487645 	 1.000000 
5.674440 	 0.000000 
5.557034 	 0.000000 
5.628177 	 0.000000 
5.850794 	 0.000000 
5.520384 	 0.000000 
5.576914 	 0.000000 
5.665166 	 0.000000 
5.672953 	 0.000000 
5.765094 	 0.000000 
5.537497 	 0.000000 
5.524324 	 0.000000 
5.613228 	 0.000000 
5.471661 	 0.000000 
5.803066 	 0.000000 
6.107400 	 0.000000 
5.957711 	 0.000000 
5.986490 	 0.000000 
5.948123 	 0.000000 
5.848628 	 0.000000 
5.923612 	 0.000000 
6.226990 	 1.000000 
6.434276 	 0.000000 
6.506849 	 1.000000 
6.141203 	 0.000000 
6.071813 	 0.000000 
6.330699 	 0.000000 
6.447436 	 0.000000 
6.403119 	 0.000000 
6.104983 	 0.000000 
6.318794 	 0.000000 
6.123306 	 1.000000 
5.698458 	 0.000000 
5.739445 	 0.000000 
5.631084 	 0.000000 
5.465598 	 0.000000 
5.308672 	 0.000000 
5.250742 	 0.000000 
5.346818 	 0.000000 
4.763130 	 0.000000 
4.573363 	 0.000000 
4.780957 	 0.000000 
4.807227 	 0.000000 
4.988963 	 0.000000 
4.704047 	 0.000000 
4.745683 	 0.000000 
4.449656 	 0.000000 
4.382054 	 0.000000 
4.647125 	 0.000000 
4.709875 	 0.000000 
4.999433 	 0.000000 
5.237779 	 0.000000 
5.419299 	 0.000000 
5.535527 	 0.000000 
5.689231 	 0.000000 
5.851022 	 0.000000 
5.554687 	 0.000000 
5.550096 	 0.000000 
5.810899 	 1.000000 
5.913921 	 0.000000 
6.056909 	 0.000000 
6.067478 	 0.000000 
6.177448 	 0.000000 
6.269039 	 0.000000 
6.014211 	 0.000000 
5.785181 	 0.000000 
5.527413 	 0.000000 
5.555003 	 0.000000 
5.463225 	 0.000000 
5.465834 	 0.000000 
5.770194 	 0.000000 
5.617626 	 0.000000 
5.609567 	 0.000000 
5.604281 	 0.000000 
5.759263 	 0.000000 
5.730125 	 0.000000 
5.711886 	 0.000000 
5.808473 	 0.000000 
5.872311 	 0.000000 
5.955303 	 0.000000 
5.941581 	 0.000000 
6.025781 	 1.000000 
5.929380 	 0.000000 
6.000567 	 0.000000 
5.839478 	 0.000000 
6.137187 	 0.000000 
6.183920 	 0.000000 
6.248096 	 1.000000 
6.136297 	 0.000000 
6.208024 	 2.000000 
6.375524 	 0.000000 
6.541924 	 2.000000 
6.557159 	 0.000000 
6.511304 	 0.000000 
6.169118 	 0.000000 
5.918682 	 0.000000 
5.620883 	 0.000000 
5.720058 	 0.000000 
5.608156 	 0.000000 
5.387433 	 0.000000 
5.537011 	 0.000000 
5.153311 	 0.000000 
5.198649 	 0.000000 
4.795023 	 0.000000 
4.487571 	 0.000000 
4.461492 	 0.000000 
4.764960 	 0.000000 
4.804525 	 0.000000 
4.830399 	 0.000000 
4.756345 	 0.000000 
4.663807 	 0.000000 
4.612976 	 0.000000 
4.619233 	 0.000000 
4.767013 	 0.000000 
5.025527 	 0.000000 
5.132905 	 0.000000 
5.078777 	 0.000000 
5.426699 	 0.000000 
5.516176 	 0.000000 
5.816123 	 0.000000 
5.647731 	 0.000000 
5.771672 	 0.000000 
5.516802 	 0.000000 
5.845321 	 1.000000 
5.950717 	 0.000000 
6.199380 	 0.000000 
6.429813 	 0.000000 
6.418875 	 0.000000 
6.223011 	 0.000000 
5.883902 	 0.000000 
5.812813 	 0.000000 
5.790735 	 0.000000 
5.669873 	 0.000000 
5.518190 	 0.000000 
5.596545 	 0.000000 
5.743652 	 0.000000 
5.521491 	 0.000000 
5.666514 	 0.000000 
5.747352 	 0.000000 
5.467873 	 0.000000 
5.580153 	 0.000000 
5.887822 	 0.000000 
6.012263 	 0.000000 
5.888458 	 0.000000 
5.951463 	 0.000000 
6.068309 	 0.000000 
6.051283 	 0.000000 
6.049687 	 0.000000 
5.809037 	 0.000000 
6.040360 	 0.000000 
6.010531 	 0.000000 
6.039670 	 0.000000 
6.456828 	 0.000000 
6.258480 	 0.000000 
6.587827 	 0.000000 
6.734312 	 0.000000 
6.858705 	 0.000000 
6.507149 	 0.000000 
6.066427 	 1.000000 
5.891330 	 0.000000 
6.032815 	 0.000000 
5.996890 	 0.000000 
6.052581 	 0.000000 
5.741291 	 0.000000 
5.659285 	 0.000000 
5.352534 	 0.000000 
5.470296 	 0.000000 
4.492344 	 0.000000 
4.416195 	 0.000000 
4.406677 	 0.000000 
4.636969 	 0.000000 
4.907575 	 0.000000 
4.787177 	 0.000000 
4.555752 	 0.000000 
4.777031 	 0.000000 
4.630888 	 0.000000 
4.553004 	 0.000000 
4.820316 	 0.000000 
4.989377 	 0.000000 
5.302842 	 1.000000 
5.157047 	 0.000000 
5.013557 	 0.000000 
5.278287 	 0.000000 
5.499013 	 0.000000 
5.725747 	 0.000000 
5.702399 	 2.000000 
5.762261 	 0.000000 
5.737050 	 0.000000 
5.931327 	 1.000000 
6.186810 	 0.000000 
6.311305 	 0.000000 
6.137806 	 0.000000 
6.160675 	 0.000000 
6.154120 	 0.000000 
6.093633 	 0.000000 
5.849680 	 0.000000 
5.999388 	 0.000000 
5.841307 	 0.000000 
5.667148 	 0.000000 
5.559669 	 0.000000 
5.526222 	 0.000000 
5.642006 	 0.000000 
5.757483 	 0.000000 
5.671407 	 0.000000 
5.615356 	 0.000000 
6.131051 	 0.000000 
6.089835 	 0.000000 
5.952694 	 0.000000 
6.226539 	 0.000000 
6.196090 	 0.000000 
5.968915 	 0.000000 
5.866332 	 0.000000 
5.763020 	 0.000000 
6.092449 	 0.000000 
6.051660 	 0.000000 
5.962419 	 0.000000 
6.348303 	 0.000000 
6.539450 	 0.000000 
6.504657 	 0.000000 
6.803970 	 2.000000 
6.883978 	 0.000000 
6.466994 	 1.000000 
6.371953 	 0.000000 
6.149061 	 0.000000 
6.017696 	 0.000000 
6.217493 	 0.000000 
5.991904 	 0.000000 
5.949898 	 0.000000 
5.843689 	 0.000000 
5.777989 	 0.000000 
5.414951 	 0.000000 
4.598759 	 0.000000 
4.398971 	 0.000000 
4.279421 	 0.000000 
4.477253 	 0.000000 
4.558488 	 0.000000 
4.661096 	 0.000000 
4.600058 	 0.000000 
4.713735 	 0.000000 
4.604890 	 0.000000 
4.692130 	 0.000000 
4.853685 	 0.000000 
4.906304 	 0.000000 
5.007388 	 0.000000 
5.385155 	 0.000000 
5.124362 	 1.000000 
5.370280 	 1.000000 
5.591936 	 0.000000 
5.764559 	 0.000000 
5.937623 	 0.000000 
5.974663 	 0.000000 
5.698468 	 0.000000 
5.790846 	 0.000000 
6.106412 	 0.000000 
6.373549 	 1.000000 
6.242475 	 0.000000 
6.268773 	 0.000000 
6.271372 	 0.000000 
6.192772 	 0.000000 
6.084636 	 1.000000 
6.205659 	 0.000000 
5.925267 	 0.000000 
5.721891 	 0.000000 
5.612883 	 0.000000 
5.718527 	 0.000000 
5.629499 	 0.000000 
5.748724 	 0.000000 
5.756682 	 0.000000 
5.912094 	 0.000000 
6.122744 	 1.000000 
6.128663 	 0.000000 
6.299124 	 0.000000 
6.247096 	 0.000000 
5.929987 	 1.000000 
5.662268 	 0.000000 
5.757780 	 0.000000 
5.672644 	 0.000000 
5.966354 	 0.000000 
6.052368 	 1.000000 
6.349098 	 0.000000 
6.510373 	 0.000000 
6.511369 	 0.000000 
6.542519 	 2.000000 
6.653792 	 1.000000 
6.788094 	 0.000000 
6.796484 	 0.000000 
6.558111 	 0.000000 
6.474643 	 0.000000 
6.226001 	 1.000000 
6.328762 	 2.000000 
6.133794 	 0.000000 
6.197476 	 0.000000 
5.966717 	 0.000000 
5.901164 	 0.000000 
5.680091 	 0.000000 
4.489022 	 0.000000 
4.252149 	 0.000000 
4.095296 	 0.000000 
3.844478 	 0.000000 
3.939909 	 0.000000 
4.133603 	 0.000000 
4.402158 	 0.000000 
4.366721 	 0.000000 
4.683714 	 0.000000 
4.841636 	 0.000000 
4.906974 	 0.000000 
4.984162 	 0.000000 
4.911574 	 0.000000 
5.356093 	 0.000000 
5.357577 	 0.000000 
5.330633 	 0.000000 
5.418583 	 0.000000 
5.570519 	 0.000000 
5.830013 	 0.000000 
6.076176 	 1.000000 
6.066242 	 0.000000 
5.787007 	 0.000000 
6.161868 	 0.000000 
6.297676 	 0.000000 
6.152368 	 0.000000 
6.204011 	 0.000000 
6.235645 	 0.000000 
6.276605 	 0.000000 
5.919393 	 0.000000 
5.982619 	 0.000000 
5.720959 	 0.000000 
5.734476 	 0.000000 
5.767309 	 1.000000 
5.646974 	 0.000000 
5.890531 	 0.000000 
5.858042 	 0.000000 
5.989701 	 0.000000 
5.722752 	 0.000000 
5.881210 	 0.000000 
6.035797 	 0.000000 
6.058704 	 0.000000 
6.151395 	 0.000000 
5.844652 	 0.000000 
5.682029 	 0.000000 
5.720823 	 0.000000 
5.768797 	 0.000000 
6.071340 	 0.000000 
6.087731 	 0.000000 
6.072476 	 0.000000 
6.348767 	 0.000000 
6.210627 	 0.000000 
6.545096 	 0.000000 
6.565483 	 0.000000 
6.756445 	 0.000000 
6.719867 	 0.000000 
6.661754 	 0.000000 
6.320467 	 0.000000 
6.387751 	 0.000000 
6.321571 	 0.000000 
6.558065 	 1.000000 
6.447265 	 0.000000 
6.243419 	 0.000000 
5.966144 	 0.000000 
5.802500 	 0.000000 
4.478263 	 0.000000 
4.084561 	 0.000000 
4.047841 	 0.000000 
3.909547 	 0.000000 
3.733728 	 0.000000 
3.825439 	 0.000000 
4.373008 	 0.000000 
4.479670 	 0.000000 
4.491131 	 0.000000 
4.616896 	 0.000000 
4.586835 	 0.000000 
4.917786 	 1.000000 
4.940097 	 0.000000 
5.242876 	 0.000000 
5.487655 	 0.000000 
5.594600 	 0.000000 
5.625716 	 1.000000 
5.861953 	 0.000000 
6.233636 	 0.000000 
6.201359 	 0.000000 
6.127800 	 0.000000 
5.899453 	 0.000000 
5.839132 	 1.000000 
5.974345 	 0.000000 
5.999560 	 0.000000 
5.959802 	 0.000000 
6.161728 	 0.000000 
6.200734 	 1.000000 
5.962474 	 0.000000 
6.033114 	 0.000000 
5.950894 	 0.000000 
5.977599 	 0.000000 
5.875935 	 1.000000 
5.648145 	 0.000000 
5.858498 	 0.000000 
5.949532 	 0.000000 
5.959243 	 0.000000 
5.881358 	 0.000000 
5.925842 	 0.000000 
6.046463 	 0.000000 
6.056263 	 0.000000 
5.848139 	 0.000000 
5.872869 	 0.000000 
5.865674 	 0.000000 
5.953481 	 0.000000 
5.736061 	 0.000000 
5.933471 	 0.000000 
5.875375 	 0.000000 
5.881731 	 0.000000 
5.915566 	 0.000000 
5.941364 	 0.000000 
6.137865 	 0.000000 
6.394235 	 0.000000 
6.621408 	 0.000000 
6.801508 	 0.000000 
6.789906 	 0.000000 
6.634537 	 0.000000 
6.682435 	 0.000000 
6.502586 	 0.000000 
6.602700 	 0.000000 
6.387843 	 0.000000 
6.029256 	 0.000000 
6.316453 	 0.000000 
5.691801 	 0.000000 
4.320767 	 0.000000 
4.303965 	 0.000000 
4.052920 	 0.000000 
4.218281 	 0.000000 
4.392063 	 0.000000 
4.101714 	 0.000000 
4.553455 	 0.000000 
4.396369 	 0.000000 
4.411813 	 0.000000 
4.516582 	 0.000000 
4.612413 	 0.000000 
4.792043 	 0.000000 
4.967616 	 0.000000 
5.181296 	 0.000000 
5.532705 	 0.000000 
5.523657 	 0.000000 
5.675480 	 0.000000 
5.619402 	 0.000000 
5.961165 	 0.000000 
5.827243 	 0.000000 
5.970478 	 1.000000 
5.799366 	 0.000000 
5.822811 	 0.000000 
5.864727 	 0.000000 
5.899286 	 0.000000 
6.049465 	 0.000000 
6.002788 	 0.000000 
5.795040 	 0.000000 
5.897657 	 1.000000 
6.162909 	 0.000000 
6.091516 	 0.000000 
5.826856 	 1.000000 
5.762504 	 0.000000 
5.837271 	 1.000000 
5.637716 	 0.000000 
5.971409 	 0.000000 
6.056666 	 0.000000 
6.066348 	 0.000000 
5.819123 	 0.000000 
6.124326 	 0.000000 
6.092875 	 0.000000 
6.025816 	 0.000000 
6.098609 	 0.000000 
6.182746 	 1.000000 
6.150517 	 0.000000 
5.895731 	 0.000000 
5.754237 	 0.000000 
5.883068 	 0.000000 
5.888703 	 0.000000 
5.995148 	 1.000000 
6.138699 	 0.000000 
6.249662 	 0.000000 
6.450439 	 0.000000 
6.692298 	 1.000000 
6.801784 	 0.000000 
6.871642 	 0.000000 
6.852631 	 0.000000 
6.617267 	 0.000000 
6.369719 	 0.000000 
6.354575 	 1.000000 
6.118759 	 0.000000 
6.045070 	 0.000000 
6.137344 	 0.000000 
6.163587 	 0.000000 
4.289069 	 0.000000 
4.228377 	 0.000000 
4.395505 	 0.000000 
4.236633 	 0.000000 
4.414297 	 0.000000 
4.450362 	 0.000000 
4.330608 	 0.000000 
4.185224 	 0.000000 
4.038650 	 0.000000 
4.093514 	 0.000000 
4.422331 	 0.000000 
4.607722 	 0.000000 
4.888232 	 0.000000 
4.991233 	 1.000000 
5.175273 	 0.000000 
5.449811 	 0.000000 
5.593783 	 0.000000 
5.583405 	 0.000000 
5.736258 	 0.000000 
5.889875 	 0.000000 
5.864508 	 0.000000 
5.868563 	 0.000000 
5.872451 	 0.000000 
5.816891 	 0.000000 
6.062859 	 0.000000 
6.182197 	 0.000000 
6.071301 	 0.000000 
5.995335 	 1.000000 
5.821966 	 0.000000 
6.028453 	 0.000000 
6.121966 	 0.000000 
5.840411 	 0.000000 
5.704145 	 0.000000 
5.485041 	 0.000000 
5.876421 	 0.000000 
5.828900 	 1.000000 
5.977238 	 0.000000 
6.017906 	 0.000000 
6.132896 	 1.000000 
6.104137 	 0.000000 
6.131442 	 0.000000 
5.937297 	 1.000000 
6.227656 	 0.000000 
6.148771 	 0.000000 
6.046153 	 0.000000 
6.079199 	 1.000000 
5.921358 	 0.000000 
5.782171 	 0.000000 
5.815458 	 0.000000 
5.796810 	 0.000000 
6.096706 	 0.000000 
6.550475 	 0.000000 
6.414645 	 0.000000 
6.487161 	 0.000000 
6.874977 	 0.000000 
6.860363 	 0.000000 
6.674694 	 0.000000 
6.592630 	 0.000000 
6.390077 	 0.000000 
6.306213 	 0.000000 
6.193640 	 0.000000 
5.974285 	 0.000000 
6.133689 	 0.000000 
6.182244 	 0.000000 
4.373144 	 0.000000 
4.191499 	 0.000000 
4.419028 	 0.000000 
4.476408 	 0.000000 
4.587924 	 0.000000 
4.313838 	 0.000000 
4.328296 	 0.000000 
4.322955 	 0.000000 
4.067501 	 0.000000 
4.102267 	 0.000000 
4.221825 	 0.000000 
4.296776 	 0.000000 
4.789434 	 0.000000 
4.647822 	 1.000000 
4.704549 	 0.000000 
5.125273 	 0.000000 
5.312424 	 0.000000 
5.640141 	 0.000000 
5.690093 	 0.000000 
5.916569 	 0.000000 
5.669790 	 0.000000 
5.668589 	 1.000000 
5.654409 	 0.000000 
5.692952 	 0.000000 
5.821866 	 0.000000 
5.824193 	 0.000000 
5.752529 	 0.000000 
5.680587 	 0.000000 
5.778773 	 0.000000 
5.869922 	 0.000000 
6.176565 	 0.000000 
5.792690 	 0.000000 
5.698902 	 0.000000 
5.715397 	 0.000000 
5.947250 	 0.000000 
6.028384 	 0.000000 
5.834104 	 0.000000 
5.941821 	 0.000000 
6.045890 	 1.000000 
6.136678 	 0.000000 
5.808115 	 0.000000 
5.936079 	 0.000000 
6.454322 	 0.000000 
6.320943 	 0.000000 
6.154367 	 1.000000 
6.217833 	 0.000000 
6.077820 	 0.000000 
5.935613 	 0.000000 
5.764510 	 0.000000 
5.650351 	 0.000000 
6.053103 	 0.000000 
6.251538 	 0.000000 
6.667385 	 0.000000 
6.552106 	 0.000000 
6.545771 	 0.000000 
6.632047 	 0.000000 
6.763967 	 1.000000 
6.705974 	 0.000000 
6.476877 	 0.000000 
6.408380 	 0.000000 
6.245962 	 0.000000 
6.279528 	 0.000000 
6.302178 	 0.000000 
6.355654 	 0.000000 
4.309026 	 0.000000 
4.251693 	 0.000000 
4.190525 	 0.000000 
4.369319 	 0.000000 
4.467463 	 0.000000 
4.276455 	 0.000000 
4.047864 	 0.000000 
3.962848 	 0.000000 
4.049179 	 0.000000 
3.992431 	 0.000000 
4.280965 	 0.000000 
4.215969 	 0.000000 
4.197047 	 0.000000 
4.487209 	 0.000000 
4.418031 	 0.000000 
4.787803 	 0.000000 
4.984845 	 0.000000 
5.407735 	 0.000000 
5.610033 	 1.000000 
5.413638 	 0.000000 
5.489697 	 0.000000 
5.512905 	 0.000000 
5.549500 	 0.000000 
5.682651 	 0.000000 
5.722205 	 0.000000 
5.657308 	 0.000000 
5.520517 	 0.000000 
5.629459 	 1.000000 
5.711379 	 0.000000 
5.787337 	 0.000000 
5.943114 	 0.000000 
5.817526 	 0.000000 
5.782803 	 0.000000 
5.854797 	 0.000000 
5.866853 	 0.000000 
5.921850 	 0.000000 
5.704678 	 0.000000 
5.767694 	 0.000000 
6.001871 	 0.000000 
6.153509 	 0.000000 
6.054343 	 0.000000 
6.177916 	 0.000000 
6.424702 	 0.000000 
6.518585 	 0.000000 
6.417514 	 0.000000 
6.253808 	 0.000000 
6.305539 	 0.000000 
6.122029 	 0.000000 
5.837056 	 0.000000 
5.833899 	 0.000000 
5.905001 	 0.000000 
6.402246 	 1.000000 
6.532492 	 0.000000 
6.644455 	 0.000000 
6.544637 	 1.000000 
6.631053 	 0.000000 
6.664904 	 0.000000 
6.768950 	 0.000000 
6.696048 	 0.000000 
6.364694 	 0.000000 
6.304379 	 0.000000 
6.253790 	 1.000000 
6.295169 	 0.000000 
6.425319 	 0.000000 
4.081126 	 0.000000 
4.283360 	 0.000000 
4.124687 	 0.000000 
4.291752 	 0.000000 
4.303845 	 0.000000 
4.275706 	 0.000000 
3.940842 	 0.000000 
3.908670 	 0.000000 
3.936483 	 0.000000 
4.241136 	 0.000000 
4.296155 	 1.000000 
4.160981 	 0.000000 
4.201459 	 0.000000 
4.217126 	 0.000000 
4.585657 	 0.000000 
4.791828 	 0.000000 
5.086928 	 0.000000 
5.125413 	 0.000000 
5.315279 	 1.000000 
5.023362 	 0.000000 
5.069917 	 0.000000 
5.374886 	 0.000000 
5.457621 	 0.000000 
5.633092 	 1.000000 
5.532963 	 0.000000 
5.559441 	 0.000000 
5.681779 	 1.000000 
5.619009 	 0.000000 
5.579380 	 0.000000 
5.857654 	 0.000000 
5.915501 	 0.000000 
6.092220 	 0.000000 
6.054083 	 0.000000 
6.003883 	 0.000000 
5.992261 	 0.000000 
5.921633 	 0.000000 
5.973993 	 0.000000 
5.979763 	 0.000000 
6.161336 	 0.000000 
6.072284 	 0.000000 
6.177528 	 0.000000 
6.378528 	 0.000000 
6.554677 	 1.000000 
6.348445 	 0.000000 
6.462872 	 0.000000 
6.326464 	 0.000000 
6.298329 	 0.000000 
6.366641 	 1.000000 
6.242386 	 0.000000 
6.346652 	 0.000000 
6.015336 	 0.000000 
6.209383 	 0.000000 
6.538894 	 0.000000 
6.407401 	 0.000000 
6.451252 	 0.000000 
6.515822 	 0.000000 
6.593410 	 0.000000 
6.696118 	 0.000000 
6.873750 	 0.000000 
6.655198 	 0.000000 
6.581346 	 0.000000 
6.307431 	 0.000000 
6.321320 	 0.000000 
6.491601 	 0.000000 
4.205204 	 0.000000 
4.194181 	 0.000000 
4.064783 	 0.000000 
4.227402 	 0.000000 
4.210256 	 0.000000 
4.232190 	 0.000000 
4.247126 	 0.000000 
4.149947 	 1.000000 
4.220567 	 0.000000 
4.281954 	 0.000000 
4.243671 	 0.000000 
4.214321 	 0.000000 
4.483156 	 0.000000 
4.390746 	 0.000000 
4.700703 	 0.000000 
4.927596 	 0.000000 
5.033034 	 0.000000 
4.983393 	 0.000000 
5.120744 	 0.000000 
5.343894 	 0.000000 
4.968153 	 0.000000 
5.118432 	 0.000000 
5.164406 	 0.000000 
5.603079 	 0.000000 
5.844698 	 0.000000 
5.782915 	 0.000000 
5.758800 	 0.000000 
5.830868 	 0.000000 
5.740214 	 0.000000 
5.802757 	 0.000000 
5.907942 	 0.000000 
5.883545 	 0.000000 
6.226656 	 0.000000 
6.170380 	 1.000000 
6.214503 	 1.000000 
6.256819 	 0.000000 
6.121443 	 0.000000 
6.101413 	 0.000000 
6.132822 	 0.000000 
6.208534 	 0.000000 
6.426239 	 0.000000 
6.388801 	 1.000000 
6.672049 	 1.000000 
6.700690 	 0.000000 
6.740719 	 0.000000 
6.372574 	 0.000000 
6.032155 	 0.000000 
6.236967 	 0.000000 
6.251709 	 0.000000 
6.391387 	 0.000000 
6.283374 	 1.000000 
6.325230 	 0.000000 
6.687397 	 0.000000 
6.706099 	 1.000000 
6.460215 	 0.000000 
6.538137 	 0.000000 
6.601813 	 0.000000 
6.566081 	 1.000000 
6.889226 	 0.000000 
6.917060 	 0.000000 
6.794289 	 3.000000 
6.419029 	 0.000000 
6.485570 	 0.000000 
6.567863 	 0.000000 
4.143237 	 0.000000 
4.164189 	 0.000000 
3.884791 	 0.000000 
4.084595 	 0.000000 
3.950156 	 0.000000 
3.910906 	 0.000000 
4.208026 	 0.000000 
4.330741 	 0.000000 
4.133030 	 0.000000 
4.507524 	 0.000000 
4.210394 	 0.000000 
4.389672 	 0.000000 
4.550204 	 0.000000 
4.674940 	 0.000000 
4.965693 	 0.000000 
5.149927 	 0.000000 
5.168797 	 0.000000 
4.994937 	 0.000000 
5.239582 	 0.000000 
5.241898 	 0.000000 
4.830115 	 0.000000 
5.108339 	 0.000000 
5.052188 	 0.000000 
5.515985 	 1.000000 
5.889282 	 0.000000 
6.057785 	 0.000000 
5.897311 	 0.000000 
6.064645 	 0.000000 
6.073820 	 0.000000 
5.969814 	 0.000000 
5.736714 	 0.000000 
6.008938 	 0.000000 
6.351968 	 0.000000 
6.575587 	 0.000000 
6.462281 	 0.000000 
6.358446 	 1.000000 
6.178587 	 0.000000 
6.235560 	 0.000000 
6.146713 	 0.000000 
6.190310 	 0.000000 
6.402692 	 0.000000 
6.556522 	 2.000000 
6.676082 	 0.000000 
6.797107 	 0.000000 
6.610194 	 0.000000 
6.462301 	 2.000000 
6.273854 	 1.000000 
6.512385 	 0.000000 
6.414443 	 0.000000 
6.488357 	 0.000000 
6.385859 	 0.000000 
6.381558 	 0.000000 
6.771910 	 0.000000 
6.846392 	 0.000000 
6.657095 	 0.000000 
6.824858 	 0.000000 
6.590529 	 0.000000 
6.854931 	 0.000000 
7.186033 	 0.000000 
7.231265 	 0.000000 
7.130043 	 0.000000 
6.903192 	 0.000000 
6.524118 	 0.000000 
6.452157 	 0.000000 
4.174956 	 1.000000 
4.109797 	 0.000000 
3.865397 	 0.000000 
4.074660 	 0.000000 
3.927317 	 0.000000 
3.881936 	 0.000000 
4.204526 	 0.000000 
4.261663 	 0.000000 
4.392630 	 0.000000 
4.541033 	 0.000000 
4.313620 	 0.000000 
4.535669 	 0.000000 
4.563649 	 0.000000 
4.793882 	 0.000000 
4.824114 	 0.000000 
4.695705 	 0.000000 
4.973258 	 0.000000 
4.906626 	 0.000000 
5.044464 	 0.000000 
5.251990 	 0.000000 
4.765203 	 0.000000 
4.895700 	 0.000000 
5.033304 	 0.000000 
5.550075 	 0.000000 
5.801926 	 1.000000 
5.782185 	 0.000000 
5.916795 	 0.000000 
5.877052 	 0.000000 
5.826250 	 0.000000 
5.923857 	 0.000000 
5.891010 	 0.000000 
6.389673 	 0.000000 
6.491271 	 0.000000 
6.354183 	 0.000000 
6.508771 	 0.000000 
6.300596 	 0.000000 
6.277559 	 0.000000 
6.176901 	 0.000000 
5.932514 	 0.000000 
6.145933 	 0.000000 
6.105589 	 0.000000 
6.700717 	 0.000000 
6.581992 	 0.000000 
6.575822 	 0.000000 
6.423747 	 0.000000 
6.093471 	 0.000000 
6.195450 	 0.000000 
6.359365 	 0.000000 
6.379637 	 1.000000 
6.303573 	 0.000000 
6.500705 	 0.000000 
6.393898 	 1.000000 
6.822472 	 0.000000 
7.047330 	 0.000000 
7.049677 	 0.000000 
7.176965 	 1.000000 
6.996390 	 0.000000 
7.000232 	 0.000000 
7.249151 	 1.000000 
7.138813 	 0.000000 
6.985644 	 1.000000 
7.014652 	 0.000000 
6.706048 	 1.000000 
6.632256 	 0.000000 
4.072637 	 0.000000 
4.122060 	 0.000000 
4.009322 	 0.000000 
3.930934 	 0.000000 
4.024067 	 0.000000 
4.173525 	 0.000000 
4.251590 	 0.000000 
4.456247 	 0.000000 
4.544946 	 0.000000 
4.421405 	 0.000000 
4.464992 	 0.000000 
4.590102 	 1.000000 
4.739036 	 0.000000 
4.745095 	 0.000000 
4.690535 	 0.000000 
4.830244 	 0.000000 
4.742095 	 0.000000 
4.882764 	 0.000000 
4.825458 	 0.000000 
4.849120 	 0.000000 
4.612781 	 0.000000 
4.817579 	 0.000000 
5.089252 	 0.000000 
5.511200 	 0.000000 
5.757614 	 0.000000 
5.661476 	 0.000000 
5.725095 	 0.000000 
5.736582 	 0.000000 
5.810846 	 0.000000 
5.761114 	 0.000000 
5.944332 	 0.000000 
6.411602 	 0.000000 
6.307712 	 0.000000 
6.522839 	 0.000000 
6.438036 	 0.000000 
6.456967 	 0.000000 
6.236874 	 0.000000 
6.225961 	 0.000000 
6.261872 	 0.000000 
6.185593 	 0.000000 
6.164255 	 0.000000 
6.434406 	 0.000000 
6.376222 	 0.000000 
6.191661 	 0.000000 
5.979427 	 0.000000 
6.110101 	 0.000000 
6.192687 	 0.000000 
6.280731 	 0.000000 
6.309028 	 0.000000 
6.221417 	 0.000000 
6.460805 	 0.000000 
6.453222 	 0.000000 
6.797946 	 0.000000 
6.950223 	 0.000000 
7.154161 	 1.000000 
7.173731 	 0.000000 
7.352445 	 0.000000 
7.030527 	 0.000000 
7.167127 	 1.000000 
7.048698 	 1.000000 
7.072313 	 1.000000 
6.702336 	 0.000000 
6.736676 	 0.000000 
6.763193 	 1.000000 
4.314061 	 0.000000 
4.288218 	 0.000000 
4.132670 	 0.000000 
4.006071 	 0.000000 
3.943547 	 0.000000 
4.051111 	 0.000000 
4.125422 	 0.000000 
4.043352 	 0.000000 
3.945471 	 0.000000 
4.222513 	 0.000000 
4.549509 	 0.000000 
4.477218 	 0.000000 
4.549684 	 0.000000 
4.438697 	 0.000000 
4.456168 	 0.000000 
4.666476 	 0.000000 
4.485408 	 0.000000 
4.600890 	 0.000000 
4.737015 	 0.000000 
4.819674 	 0.000000 
4.723404 	 0.000000 
4.937720 	 0.000000 
4.857316 	 0.000000 
5.288239 	 0.000000 
5.391764 	 0.000000 
5.568929 	 0.000000 
5.784110 	 1.000000 
5.853117 	 0.000000 
5.969447 	 1.000000 
5.929137 	 0.000000 
6.088076 	 0.000000 
6.251711 	 0.000000 
6.498217 	 0.000000 
6.473331 	 0.000000 
6.600268 	 0.000000 
6.279959 	 0.000000 
6.467815 	 0.000000 
6.359474 	 0.000000 
6.459166 	 0.000000 
6.403089 	 0.000000 
6.250668 	 0.000000 
6.411531 	 0.000000 
6.231692 	 0.000000 
6.152898 	 1.000000 
5.799503 	 0.000000 
5.842109 	 0.000000 
5.897222 	 0.000000 
6.206213 	 0.000000 
6.095050 	 0.000000 
6.238643 	 0.000000 
6.442916 	 0.000000 
6.492881 	 0.000000 
6.891170 	 0.000000 
7.070287 	 0.000000 
7.165968 	 0.000000 
7.237855 	 0.000000 
7.175859 	 1.000000 
7.129247 	 0.000000 
6.944640 	 1.000000 
7.112415 	 1.000000 
7.185077 	 0.000000 
6.796651 	 0.000000 
6.747238 	 1.000000 
6.572429 	 0.000000 
4.415611 	 0.000000 
4.055280 	 0.000000 
4.053304 	 0.000000 
3.976386 	 0.000000 
3.982693 	 0.000000 
4.052801 	 0.000000 
4.112908 	 0.000000 
4.089591 	 0.000000 
3.811159 	 0.000000 
4.096358 	 0.000000 
4.388246 	 0.000000 
4.514197 	 0.000000 
4.523548 	 0.000000 
4.359504 	 0.000000 
4.249882 	 0.000000 
4.466185 	 0.000000 
4.536030 	 0.000000 
4.525038 	 0.000000 
4.683145 	 0.000000 
4.658427 	 0.000000 
4.832277 	 0.000000 
4.888703 	 0.000000 
4.940679 	 0.000000 
5.250499 	 0.000000 
5.341172 	 0.000000 
5.374920 	 0.000000 
5.627516 	 0.000000 
5.886671 	 0.000000 
5.926761 	 0.000000 
6.082262 	 0.000000 
6.242107 	 0.000000 
6.268497 	 1.000000 
6.547618 	 1.000000 
6.308880 	 2.000000 
6.423563 	 0.000000 
6.226148 	 0.000000 
6.425799 	 0.000000 
6.516978 	 0.000000 
6.388508 	 0.000000 
6.163001 	 0.000000 
5.992222 	 0.000000 
5.871644 	 1.000000 
6.068748 	 0.000000 
6.161888 	 0.000000 
6.109726 	 0.000000 
6.092708 	 1.000000 
5.987273 	 0.000000 
6.067771 	 1.000000 
6.097872 	 0.000000 
6.011913 	 0.000000 
6.508808 	 0.000000 
6.673600 	 0.000000 
6.886290 	 3.000000 
7.238466 	 0.000000 
7.184129 	 0.000000 
7.174751 	 0.000000 
7.125051 	 0.000000 
6.962280 	 1.000000 
6.828461 	 0.000000 
6.981717 	 0.000000 
6.923980 	 0.000000 
6.787037 	 1.000000 
6.635623 	 0.000000 
6.706606 	 2.000000 
4.117823 	 0.000000 
3.964498 	 0.000000 
3.773680 	 0.000000 
3.796537 	 0.000000 
3.862127 	 0.000000 
3.813580 	 0.000000 
3.843071 	 0.000000 
4.014808 	 0.000000 
3.717737 	 0.000000 
3.920302 	 0.000000 
4.255318 	 0.000000 
4.361768 	 0.000000 
4.624398 	 0.000000 
4.419008 	 0.000000 
4.264728 	 0.000000 
4.508535 	 0.000000 
4.508939 	 0.000000 
4.403441 	 0.000000 
4.487847 	 0.000000 
4.447979 	 0.000000 
4.724833 	 0.000000 
4.966658 	 0.000000 
5.313817 	 0.000000 
5.187802 	 0.000000 
5.396247 	 0.000000 
5.620919 	 0.000000 
5.575535 	 0.000000 
6.010074 	 0.000000 
6.176052 	 0.000000 
6.334388 	 0.000000 
6.053630 	 0.000000 
6.037074 	 0.000000 
6.275995 	 0.000000 
6.441509 	 0.000000 
6.280830 	 1.000000 
6.276119 	 1.000000 
6.336080 	 0.000000 
6.195843 	 0.000000 
6.122817 	 0.000000 
6.129513 	 0.000000 
5.913196 	 0.000000 
5.758226 	 1.000000 
5.871591 	 0.000000 
5.885477 	 0.000000 
6.287547 	 0.000000 
6.081715 	 0.000000 
5.974125 	 0.000000 
6.017670 	 0.000000 
5.851229 	 0.000000 
6.283684 	 0.000000 
6.408175 	 0.000000 
6.808153 	 0.000000 
6.986450 	 0.000000 
6.947529 	 0.000000 
7.095383 	 0.000000 
7.042953 	 0.000000 
7.098222 	 0.000000 
6.969064 	 1.000000 
7.009800 	 0.000000 
6.849775 	 0.000000 
6.935953 	 0.000000 
6.621322 	 1.000000 
6.538268 	 0.000000 
6.293833 	 0.000000 
3.847074 	 0.000000 
3.988161 	 0.000000 
3.656429 	 0.000000 
3.804238 	 0.000000 
3.715291 	 0.000000 
3.844158 	 0.000000 
4.009017 	 0.000000 
3.888696 	 0.000000 
3.836944 	 0.000000 
3.880024 	 0.000000 
4.118056 	 0.000000 
4.336903 	 0.000000 
4.208200 	 0.000000 
4.451337 	 1.000000 
4.387391 	 0.000000 
4.422757 	 0.000000 
4.266804 	 0.000000 
4.435325 	 0.000000 
4.487607 	 0.000000 
4.461075 	 0.000000 
4.664849 	 0.000000 
5.028271 	 0.000000 
5.356506 	 0.000000 
5.343587 	 0.000000 
5.392841 	 1.000000 
5.594284 	 0.000000 
5.482273 	 0.000000 
5.747646 	 0.000000 
5.840576 	 0.000000 
5.805865 	 0.000000 
6.036543 	 0.000000 
5.672820 	 0.000000 
6.105901 	 0.000000 
6.196958 	 1.000000 
6.396801 	 0.000000 
6.308512 	 0.000000 
6.190866 	 0.000000 
6.057953 	 0.000000 
5.936060 	 0.000000 
5.950746 	 0.000000 
5.901738 	 0.000000 
5.859089 	 0.000000 
5.689189 	 0.000000 
5.669848 	 0.000000 
5.726862 	 0.000000 
6.048489 	 0.000000 
5.946699 	 0.000000 
5.741035 	 0.000000 
5.884183 	 0.000000 
6.112742 	 0.000000 
6.391624 	 0.000000 
6.766492 	 0.000000 
6.819689 	 0.000000 
6.880775 	 0.000000 
6.894655 	 0.000000 
6.767868 	 0.000000 
6.936534 	 0.000000 
6.941200 	 0.000000 
6.871234 	 0.000000 
6.550768 	 0.000000 
6.746802 	 2.000000 
6.510690 	 0.000000 
6.447326 	 0.000000 
6.287235 	 0.000000 
3.597489 	 0.000000 
3.915409 	 0.000000 
3.823754 	 0.000000 
3.879160 	 0.000000 
3.866440 	 0.000000 
3.826996 	 0.000000 
3.774062 	 0.000000 
3.829691 	 0.000000 
4.019355 	 0.000000 
4.003116 	 0.000000 
4.121015 	 0.000000 
4.164177 	 0.000000 
4.208778 	 0.000000 
4.126529 	 0.000000 
4.219418 	 0.000000 
4.209137 	 0.000000 
4.322973 	 0.000000 
4.428087 	 0.000000 
4.426025 	 0.000000 
4.634586 	 0.000000 
4.947692 	 0.000000 
5.205401 	 0.000000 
5.542541 	 1.000000 
5.528317 	 0.000000 
5.220249 	 0.000000 
5.527251 	 0.000000 
5.285876 	 0.000000 
5.607846 	 0.000000 
5.725609 	 0.000000 
5.965129 	 0.000000 
5.818339 	 0.000000 
5.723789 	 0.000000 
5.861155 	 0.000000 
5.866241 	 0.000000 
6.025372 	 0.000000 
6.066062 	 0.000000 
5.544746 	 0.000000 
5.681124 	 0.000000 
5.580088 	 0.000000 
5.688563 	 0.000000 
5.691414 	 0.000000 
5.778842 	 0.000000 
5.855862 	 0.000000 
5.673144 	 0.000000 
5.693044 	 0.000000 
5.838280 	 0.000000 
5.882047 	 0.000000 
5.850285 	 0.000000 
5.955556 	 0.000000 
6.143505 	 0.000000 
6.413882 	 1.000000 
6.575366 	 0.000000 
6.663923 	 0.000000 
6.625084 	 0.000000 
6.862922 	 1.000000 
7.080454 	 0.000000 
7.121478 	 0.000000 
7.103854 	 0.000000 
6.720390 	 0.000000 
6.538468 	 0.000000 
6.471181 	 0.000000 
6.387876 	 0.000000 
6.423641 	 0.000000 
6.280587 	 0.000000 
3.899516 	 0.000000 
3.815790 	 0.000000 
3.661441 	 0.000000 
3.581007 	 0.000000 
3.814300 	 0.000000 
3.892964 	 0.000000 
3.737962 	 0.000000 
3.880926 	 0.000000 
3.861978 	 0.000000 
3.948668 	 0.000000 
4.315606 	 0.000000 
4.003188 	 0.000000 
4.196112 	 0.000000 
4.305154 	 0.000000 
4.284697 	 0.000000 
4.229787 	 0.000000 
4.403389 	 0.000000 
4.334854 	 0.000000 
4.517577 	 0.000000 
4.713975 	 0.000000 
4.847849 	 0.000000 
5.137887 	 0.000000 
5.368443 	 0.000000 
5.579809 	 0.000000 
5.583419 	 0.000000 
5.797247 	 0.000000 
5.506104 	 0.000000 
5.646042 	 0.000000 
5.898054 	 0.000000 
5.738893 	 0.000000 
5.634326 	 0.000000 
5.486281 	 0.000000 
5.581645 	 0.000000 
5.565657 	 0.000000 
6.001735 	 0.000000 
5.648514 	 0.000000 
5.480216 	 0.000000 
5.492427 	 1.000000 
5.367864 	 0.000000 
5.392564 	 0.000000 
5.572453 	 0.000000 
5.527093 	 0.000000 
5.588560 	 0.000000 
5.438910 	 0.000000 
5.695657 	 0.000000 
5.681615 	 0.000000 
5.944065 	 0.000000 
5.784040 	 0.000000 
6.107136 	 0.000000 
6.366992 	 0.000000 
6.286174 	 0.000000 
6.442964 	 0.000000 
6.644717 	 0.000000 
6.651444 	 0.000000 
6.989409 	 1.000000 
7.015614 	 1.000000 
6.805231 	 1.000000 
6.937933 	 0.000000 
6.727822 	 0.000000 
6.629119 	 0.000000 
6.228505 	 0.000000 
6.165391 	 0.000000 
6.047863 	 0.000000 
6.033938 	 0.000000 
4.030459 	 0.000000 
3.776078 	 0.000000 
3.676676 	 0.000000 
3.346151 	 0.000000 
3.633114 	 0.000000 
3.867550 	 0.000000 
3.681981 	 0.000000 
3.862330 	 0.000000 
3.696870 	 0.000000 
3.788986 	 0.000000 
4.208855 	 0.000000 
3.937601 	 0.000000 
3.781725 	 0.000000 
3.885250 	 0.000000 
4.354659 	 0.000000 
4.464894 	 0.000000 
4.466793 	 0.000000 
4.547411 	 0.000000 
4.680977 	 0.000000 
4.753733 	 0.000000 
4.948686 	 0.000000 
5.217496 	 0.000000 
5.338511 	 0.000000 
5.464533 	 0.000000 
5.567204 	 0.000000 
5.673798 	 0.000000 
5.600515 	 0.000000 
5.705179 	 0.000000 
5.730064 	 0.000000 
5.827075 	 0.000000 
5.740091 	 0.000000 
5.773939 	 0.000000 
5.637805 	 0.000000 
5.348250 	 0.000000 
5.377250 	 0.000000 
5.457592 	 0.000000 
5.654048 	 1.000000 
5.370562 	 0.000000 
5.158761 	 0.000000 
5.337715 	 0.000000 
5.216966 	 0.000000 
5.407028 	 0.000000 
5.536265 	 0.000000 
5.470251 	 0.000000 
5.330284 	 1.000000 
5.599737 	 0.000000 
5.636596 	 0.000000 
5.641320 	 0.000000 
5.773495 	 0.000000 
5.972326 	 0.000000 
5.890996 	 0.000000 
6.115977 	 0.000000 
6.392097 	 0.000000 
6.586515 	 0.000000 
6.797334 	 0.000000 
6.947885 	 1.000000 
6.696477 	 0.000000 
6.852908 	 0.000000 
6.811082 	 1.000000 
6.664411 	 0.000000 
6.356749 	 0.000000 
6.026820 	 0.000000 
5.884484 	 0.000000 
6.008009 	 0.000000 
3.752000 	 0.000000 
3.827585 	 0.000000 
3.879291 	 0.000000 
3.651071 	 0.000000 
3.719265 	 0.000000 
3.928369 	 0.000000 
3.802261 	 0.000000 
3.856181 	 0.000000 
3.856778 	 0.000000 
3.855946 	 0.000000 
3.953541 	 0.000000 
3.595388 	 0.000000 
3.864321 	 0.000000 
3.969310 	 0.000000 
4.074155 	 0.000000 
4.137397 	 0.000000 
4.452543 	 0.000000 
4.704509 	 0.000000 
4.765276 	 0.000000 
4.760916 	 0.000000 
5.208023 	 0.000000 
5.172573 	 0.000000 
5.546801 	 0.000000 
5.806238 	 0.000000 
5.548541 	 0.000000 
5.620867 	 0.000000 
5.659226 	 0.000000 
5.658285 	 0.000000 
5.704509 	 0.000000 
5.642599 	 0.000000 
5.634528 	 0.000000 
5.544452 	 0.000000 
5.550902 	 0.000000 
5.461695 	 0.000000 
5.304946 	 1.000000 
5.543576 	 0.000000 
5.349510 	 0.000000 
5.313687 	 0.000000 
5.342645 	 1.000000 
5.362490 	 0.000000 
5.391746 	 0.000000 
5.544653 	 0.000000 
5.393191 	 0.000000 
5.457592 	 0.000000 
5.520929 	 0.000000 
5.409706 	 0.000000 
5.269439 	 0.000000 
5.327013 	 0.000000 
5.659971 	 0.000000 
5.657288 	 0.000000 
5.833450 	 0.000000 
6.013969 	 0.000000 
6.436502 	 1.000000 
6.529818 	 1.000000 
6.746508 	 0.000000 
6.947333 	 0.000000 
6.904978 	 0.000000 
6.741221 	 0.000000 
6.809328 	 0.000000 
6.850459 	 0.000000 
6.688163 	 0.000000 
6.152415 	 0.000000 
5.837806 	 0.000000 
5.926203 	 0.000000 
4.004739 	 0.000000 
4.105360 	 0.000000 
3.963609 	 0.000000 
4.094779 	 0.000000 
3.777843 	 0.000000 
3.897161 	 1.000000 
4.004118 	 0.000000 
4.080018 	 0.000000 
4.193172 	 0.000000 
3.790292 	 0.000000 
3.830738 	 0.000000 
3.775456 	 0.000000 
3.780996 	 0.000000 
3.868077 	 0.000000 
3.884683 	 0.000000 
4.036064 	 0.000000 
4.287158 	 0.000000 
4.345279 	 0.000000 
4.471709 	 0.000000 
4.870956 	 0.000000 
5.197188 	 0.000000 
5.259729 	 0.000000 
5.325417 	 0.000000 
5.828253 	 0.000000 
5.522567 	 0.000000 
5.483838 	 0.000000 
5.611762 	 0.000000 
5.496469 	 1.000000 
5.684060 	 0.000000 
5.588301 	 0.000000 
5.738264 	 0.000000 
5.556806 	 0.000000 
5.324330 	 0.000000 
5.319398 	 0.000000 
5.357568 	 0.000000 
5.266851 	 0.000000 
5.609436 	 1.000000 
5.612577 	 0.000000 
5.325808 	 0.000000 
5.200875 	 0.000000 
5.258995 	 0.000000 
5.282731 	 0.000000 
5.419325 	 0.000000 
5.553960 	 0.000000 
5.653853 	 0.000000 
5.459113 	 0.000000 
5.291478 	 0.000000 
5.129674 	 0.000000 
5.526323 	 0.000000 
5.707125 	 0.000000 
5.780346 	 0.000000 
5.919509 	 0.000000 
6.070160 	 0.000000 
6.537380 	 0.000000 
6.577017 	 0.000000 
6.948029 	 1.000000 
6.771720 	 0.000000 
6.683607 	 0.000000 
6.757632 	 0.000000 
6.743229 	 1.000000 
6.580206 	 0.000000 
6.230068 	 0.000000 
6.019880 	 1.000000 
5.797965 	 1.000000 
4.304489 	 0.000000 
4.308454 	 0.000000 
4.185176 	 0.000000 
4.052173 	 0.000000 
3.837726 	 0.000000 
4.249494 	 0.000000 
4.071160 	 0.000000 
3.974905 	 0.000000 
4.296903 	 0.000000 
4.202047 	 0.000000 
4.024778 	 0.000000 
4.249582 	 0.000000 
4.084972 	 0.000000 
3.921099 	 0.000000 
4.044276 	 0.000000 
4.275939 	 0.000000 
4.395479 	 0.000000 
4.368573 	 0.000000 
4.602608 	 0.000000 
4.848094 	 0.000000 
5.145134 	 0.000000 
5.136662 	 0.000000 
5.506345 	 1.000000 
5.335019 	 0.000000 
5.610332 	 0.000000 
5.495690 	 0.000000 
5.575024 	 0.000000 
5.648129 	 0.000000 
5.813374 	 1.000000 
5.581451 	 0.000000 
5.489149 	 0.000000 
5.396825 	 1.000000 
5.284801 	 0.000000 
5.244755 	 0.000000 
5.258320 	 0.000000 
5.353896 	 0.000000 
5.589497 	 0.000000 
5.717377 	 0.000000 
5.476770 	 0.000000 
5.091838 	 0.000000 
5.264377 	 0.000000 
5.171986 	 0.000000 
4.922161 	 0.000000 
5.297302 	 0.000000 
5.415142 	 0.000000 
5.380206 	 0.000000 
5.266085 	 0.000000 
5.139583 	 0.000000 
5.124655 	 0.000000 
5.366915 	 0.000000 
5.626966 	 0.000000 
5.805206 	 0.000000 
6.036137 	 0.000000 
6.477697 	 0.000000 
6.496764 	 1.000000 
6.496633 	 0.000000 
6.472574 	 0.000000 
6.512336 	 0.000000 
6.400526 	 0.000000 
6.380010 	 0.000000 
6.279197 	 0.000000 
6.055963 	 0.000000 
5.907249 	 0.000000 
5.892108 	 0.000000 
4.418733 	 0.000000 
4.384535 	 0.000000 
4.336450 	 0.000000 
4.196432 	 0.000000 
3.984008 	 0.000000 
4.082414 	 0.000000 
4.023407 	 0.000000 
4.174065 	 0.000000 
4.433157 	 0.000000 
4.365482 	 0.000000 
4.311820 	 0.000000 
4.595215 	 0.000000 
4.491184 	 0.000000 
4.107811 	 0.000000 
4.170503 	 0.000000 
4.364340 	 0.000000 
4.155689 	 0.000000 
4.214858 	 0.000000 
4.706761 	 0.000000 
4.700864 	 0.000000 
5.201601 	 0.000000 
5.240450 	 0.000000 
5.434429 	 0.000000 
5.320929 	 0.000000 
5.224370 	 0.000000 
5.573268 	 0.000000 
5.380870 	 0.000000 
5.773753 	 0.000000 
5.438984 	 0.000000 
5.324960 	 0.000000 
5.136356 	 0.000000 
5.115015 	 0.000000 
5.265407 	 0.000000 
5.176848 	 0.000000 
5.357659 	 0.000000 
5.362361 	 0.000000 
5.401816 	 0.000000 
5.472120 	 0.000000 
5.177115 	 0.000000 
5.142165 	 0.000000 
5.139581 	 0.000000 
4.973877 	 0.000000 
4.904425 	 0.000000 
4.819504 	 0.000000 
5.479184 	 1.000000 
5.104341 	 0.000000 
5.284065 	 1.000000 
5.325233 	 0.000000 
5.338212 	 0.000000 
5.274577 	 0.000000 
5.653548 	 0.000000 
5.871613 	 0.000000 
6.085542 	 0.000000 
6.235825 	 0.000000 
6.583383 	 0.000000 
6.410445 	 0.000000 
6.477153 	 0.000000 
6.271798 	 0.000000 
6.116724 	 1.000000 
5.991680 	 0.000000 
5.911269 	 0.000000 
5.942061 	 0.000000 
5.684387 	 1.000000 
5.601019 	 0.000000 
4.316011 	 0.000000 
4.378501 	 0.000000 
4.241734 	 0.000000 
4.234656 	 0.000000 
4.381854 	 0.000000 
4.128625 	 0.000000 
4.273382 	 0.000000 
4.374217 	 0.000000 
4.651022 	 0.000000 
4.671524 	 0.000000 
4.639202 	 0.000000 
4.404878 	 0.000000 
4.546763 	 0.000000 
4.548140 	 0.000000 
4.426764 	 0.000000 
4.198596 	 0.000000 
4.189829 	 0.000000 
4.390824 	 0.000000 
4.972475 	 0.000000 
4.896061 	 0.000000 
5.173325 	 0.000000 
5.306070 	 0.000000 
5.206810 	 0.000000 
5.135796 	 0.000000 
5.231917 	 0.000000 
5.208048 	 0.000000 
5.598348 	 0.000000 
5.640509 	 0.000000 
5.161008 	 0.000000 
5.361265 	 0.000000 
5.249231 	 0.000000 
5.072807 	 0.000000 
5.203552 	 0.000000 
5.094545 	 0.000000 
5.023404 	 0.000000 
5.201171 	 0.000000 
5.243800 	 0.000000 
5.250580 	 0.000000 
5.167747 	 0.000000 
5.019703 	 0.000000 
5.029234 	 0.000000 
5.042926 	 0.000000 
5.124600 	 0.000000 
4.838798 	 0.000000 
5.193583 	 0.000000 
5.166456 	 0.000000 
5.165534 	 0.000000 
5.240921 	 0.000000 
5.234649 	 0.000000 
5.499184 	 0.000000 
5.742281 	 0.000000 
5.732913 	 0.000000 
6.024543 	 0.000000 
6.300506 	 0.000000 
6.321710 	 0.000000 
6.375726 	 0.000000 
6.218130 	 0.000000 
6.314302 	 0.000000 
5.963682 	 0.000000 
5.676669 	 0.000000 
5.842237 	 0.000000 
5.769810 	 0.000000 
5.340656 	 0.000000 
5.274521 	 0.000000 
4.639274 	 0.000000 
4.534893 	 0.000000 
4.321948 	 0.000000 
4.429293 	 0.000000 
4.482894 	 1.000000 
4.381764 	 0.000000 
4.374338 	 0.000000 
4.551152 	 0.000000 
4.830052 	 0.000000 
4.798893 	 0.000000 
4.564015 	 0.000000 
4.308103 	 0.000000 
4.666016 	 0.000000 
4.484846 	 0.000000 
4.382231 	 0.000000 
4.426878 	 0.000000 
4.421946 	 0.000000 
4.459880 	 0.000000 
4.813062 	 0.000000 
4.974083 	 0.000000 
5.131500 	 0.000000 
5.230776 	 0.000000 
5.287594 	 0.000000 
5.131618 	 0.000000 
5.153815 	 0.000000 
5.198531 	 0.000000 
5.309506 	 0.000000 
5.584397 	 0.000000 
5.319025 	 0.000000 
5.077670 	 0.000000 
5.106558 	 0.000000 
5.105509 	 1.000000 
5.143560 	 0.000000 
4.978474 	 0.000000 
5.347828 	 0.000000 
5.074196 	 0.000000 
5.103689 	 0.000000 
4.971267 	 0.000000 
5.171325 	 0.000000 
5.100431 	 0.000000 
5.080676 	 0.000000 
5.163584 	 0.000000 
5.012716 	 0.000000 
4.875180 	 1.000000 
4.916538 	 0.000000 
5.092056 	 0.000000 
5.106861 	 0.000000 
5.406780 	 0.000000 
5.104256 	 0.000000 
5.276651 	 0.000000 
5.279783 	 0.000000 
5.760664 	 0.000000 
5.962307 	 0.000000 
6.139003 	 0.000000 
6.172738 	 0.000000 
5.930536 	 1.000000 
5.931967 	 0.000000 
6.173079 	 1.000000 
5.836574 	 0.000000 
5.364145 	 0.000000 
5.449543 	 0.000000 
5.611357 	 0.000000 
5.546156 	 0.000000 
5.423777 	 0.000000 
